4 0.5344311377245509 0.48952095808383234 0.2664670658682634 0.0658682634730539
5 0.45808383233532934 0.5763473053892215 0.2574850299401198 0.05688622754491014
1 0.6130239520958084 0.6227544910179641 0.13023952095808383 0.044910179640718584
3 0.4977544910179641 0.6624251497005988 0.0793413173652695 0.06736526946107788
6 0.7724550898203593 0.661676646706587 0.11377245508982042 0.06287425149700603
7 0.4902694610778443 0.7380239520958085 0.31886227544910173 0.04790419161676638
8 0.6661676646706587 0.7829341317365269 0.09880239520958085 0.044910179640718584
8 0.5449101796407185 0.8211077844311377 0.4221556886227546 0.05838323353293418
2 0.28293413173652693 0.7941616766467067 0.09880239520958085 0.0523952095808383
0 0.48203592814371254 0.5239520958083832 0.7694610778443114 0.68562874251497
