4 0.5336826347305389 0.4610778443113772 0.2529940119760479 0.0658682634730539
5 0.5127245508982035 0.5508982268458379 0.36976047904191617 0.05089815708676741
1 0.6062874251497007 0.5973053892215568 0.13173652694610788 0.03892215568862276
3 0.49251497005988026 0.627994011976048 0.06287425149700589 0.04940119760479043
6 0.7679640628373743 0.6317365269461077 0.10179640718562878 0.05089820359281433
7 0.5172155688622754 0.7118263473053892 0.38772455089820357 0.04341317365269461
8 0.6961077844311377 0.7559880239520959 0.16167664670658688 0.041916167664670635
8 0.5681137724550898 0.7949101796407185 0.4865269461077844 0.053892215568862124
2 0.2672155688622755 0.7664670658682635 0.10029940119760479 0.04491017964071872
0 0.4827844146030508 0.5067364455605257 0.7559880570214436 0.6571854892243744
