4 0.5800898203592815 0.45209580838323354 0.33682634730538924 0.08383233532934127
5 0.44011976047904183 0.5755988140217213 0.29640718562874246 0.07035928143712568
1 0.6729041916167665 0.6377245508982036 0.17514970059880242 0.059880239520958015
3 0.5164670658682634 0.6931137724550898 0.07784431137724546 0.059880239520958015
6 0.8809880239520959 0.6923652694610779 0.1541916167664671 0.05538922155688624
7 0.49625748502994 0.8113772629487496 0.40269461077844304 0.05688626242444554
8 0.7971556886227544 0.8682634730538922 0.23203592814371263 0.0658682634730539
8 0.5823353293413175 0.9303892215568862 0.562874251497006 0.06437125748502993
2 0.23128742514970063 0.8952095924648349 0.12125748502994015 0.04191619091769422
0 0.5000000105220652 0.49850300563848776 0.9790418951235346 0.9760478809385933
