4 0.5651197604790419 0.4528443113772455 0.33682634730538913 0.08532934131736525
5 0.46706586826347307 0.5830838323353293 0.3233532934131736 0.06437125748502993
1 0.6519461077844311 0.6407185628742514 0.1691616766467066 0.059880239520958015
3 0.5119760479041916 0.6953592814371257 0.09281437125748511 0.07634730538922156
6 0.8600299401197604 0.7028443113772453 0.1392215568862275 0.07934131736526936
7 0.5149700598802395 0.8113772513222378 0.4221556886227545 0.05688623917142179
8 0.7761976017841147 0.8667664554393568 0.22904191616766462 0.05988030928002843
8 0.6115269461077844 0.9266467065868264 0.6092814371257486 0.07185628742514964
0 0.24026946107784433 0.8914670658682635 0.12425149700598805 0.058383233532934044
0 0.498503021068715 0.5029940119760478 0.9401197063655641 0.9431137724550896
