4 0.5606287425149701 0.45059880239520955 0.3428143712574849 0.08982035928143717
5 0.4850299401197604 0.5703592814371258 0.39820359281437123 0.07485029940119758
1 0.659431137724551 0.6377245508982036 0.19011976047904183 0.06287425149700596
3 0.4955089820359281 0.687874251497006 0.07784431137724546 0.06437125748502993
6 0.8705089820359281 0.6983532934131736 0.14820359281437134 0.07634730538922156
7 0.5074850299401197 0.8023952095808383 0.4491017964071855 0.0688622754491017
8 0.7926646706586825 0.8682634381743571 0.2470059880239522 0.05988023952095801
8 0.6135318904673761 0.9238059939274297 0.6511976047904191 0.07185622929259147
2 0.219311377245509 0.8817365269461078 0.13023952095808386 0.05988023952095815
0 0.502994011976048 0.5022455089820359 0.9850299401197605 0.971556886227545
