4 0.5718562874251496 0.4438622754491018 0.34431137724550887 0.08532934131736525
5 0.4573353293413174 0.5696107784431138 0.35179640718562877 0.07634730538922156
1 0.6482035928143712 0.6422155688622755 0.16766467065868254 0.05988023952095815
3 0.5074850299401197 0.6841317365269461 0.08383233532934135 0.08383233532934127
6 0.8690119760479041 0.6826347305389223 0.14221556886227532 0.07485029940119758
7 0.5748502994011975 0.8053892622496772 0.5718562874251498 0.06287417011142338
8 0.7320359281437127 0.8705089820359282 0.12574850299401205 0.0553892215568861
8 0.5726047904191617 0.9258982035928145 0.5793413173652695 0.05538922155688639
2 0.22529940119760478 0.8869760479041915 0.12425149700598802 0.06437125748502993
0 0.49625748502994005 0.49476047904191617 0.9715568862275448 0.971556886227545
