4 0.5479041916167664 0.4513473053892216 0.3562874251497006 0.08832335329341319
3 0.43787426051591893 0.5905688739019608 0.33682634730538924 0.06736526946107795
1 0.6684131736526946 0.6631736526946108 0.20808383233532937 0.07485029940119751
6 0.49476049106713355 0.7133233997994602 0.09431135319507439 0.07035918842503182
6 0.8824850299401197 0.716317365269461 0.16317365269461093 0.08532934131736525
7 0.5396706586826348 0.8375748502994012 0.5434131736526946 0.07335329341317376
8 0.780688622754491 0.8997005988023952 0.22305389221556893 0.06886227544910184
8 0.5389221556886227 0.9528443113772456 0.5269461077844311 0.07634730538922156
2 0.20359281437125748 0.9266467065868264 0.12874251497005987 0.05988023952095815
0 0.5014970059880239 0.5022455089820359 0.997005988023952 0.9955089820359281
