4 0.563622754491018 0.4565868263473054 0.3308383233532935 0.07784431137724553
5 0.5157185748994688 0.5793413173652695 0.4356287425149701 0.07784431137724546
1 0.6526946107784432 0.6429640718562873 0.16467065868263484 0.04940119760479036
3 0.5104790419161677 0.6961077844311376 0.08083832335329348 0.07485029940119758
6 0.8600299521449779 0.6961078658167201 0.13922153884840177 0.06886222894305441
7 0.5808383233532934 0.8098802395209581 0.5628742514970061 0.06287425149700596
8 0.7836826347305389 0.8652694610778443 0.23203592814371263 0.05988023952095815
8 0.6107784431137725 0.9214071856287425 0.6077844311377245 0.061377245508981985
2 0.24550898203592816 0.8937125748502994 0.12574850299401194 0.05688622754491036
0 0.4992514970059879 0.5044910179640718 0.9476047904191616 0.9700598802395209
