4 0.5785928143712574 0.4543413289917811 0.3607784431137725 0.094311377245509
5 0.5232035928143712 0.5830837858292823 0.47754491017964074 0.07335329341317369
1 0.6856287425149701 0.6579341317365269 0.21257485029940112 0.07335329341317362
3 0.5142215659051405 0.7118263705584127 0.10329341317365269 0.06736526946107774
6 0.8907185628742514 0.7088323353293413 0.14670658682634752 0.08233532934131745
7 0.5247005988023952 0.8330838323353293 0.47455089820359286 0.06137724550898213
8 0.7327844311377245 0.8974550898203592 0.10628742514970056 0.06437125748502993
8 0.530688622754491 0.9565868263473054 0.46257485029940126 0.06287425149700596
2 0.22005988925843392 0.9191616998997302 0.1437125748502994 0.05389221556886241
0 0.5014970059880239 0.4999999999999997 0.997005988023952 0.9999999999999994
