4 0.562125748502994 0.4498502994011976 0.339820359281437 0.08532934131736532
5 0.4640718562874252 0.5778443113772456 0.3383233532934132 0.06886227544910184
1 0.6609281437125749 0.6429640718562873 0.1841317365269461 0.05538922155688617
3 0.5112275449101795 0.69311377245509 0.08832335329341312 0.07485029940119758
6 0.859281443138357 0.6916167548405542 0.14371257485029942 0.07485029940119758
7 0.5239520958083833 0.8091317365269461 0.45209580838323354 0.06736526946107801
8 0.7859281437125749 0.8727544910179641 0.2514970059880241 0.06287425149700596
8 0.530688622754491 0.9273952095808383 0.4565868263473054 0.05838323353293418
2 0.23802394608319982 0.892215568862275 0.1287425269952773 0.06886227544910181
0 0.4985029940119761 0.500748502994012 0.9610778443113773 0.968562874251497
