4 0.5890718562874251 0.4453592814371257 0.3667664670658683 0.08532934131736525
5 0.498502994011976 0.5815868263473054 0.39520958083832336 0.07335329341317369
1 0.6781437125748502 0.6422155688622755 0.18263473053892212 0.05688622754491014
3 0.5224550898203593 0.7020958083832335 0.08682634730538914 0.06287425149700596
6 0.8937126049133426 0.691616801346601 0.1407185628742515 0.08383233532934127
7 0.563960625401303 0.8312941403062619 0.5239520958083831 0.059880746186541906
8 0.7859281437125748 0.8869760711572151 0.19461077844311364 0.06437130399107707
8 0.5434131736526946 0.9498502994011977 0.47005988023952106 0.07035928143712582
2 0.23278443113772454 0.9169161676646707 0.14520958083832336 0.06736526946107774
0 0.50374251497006 0.502994011976048 0.9925149700598803 0.9940119760479043
