4 0.5553892215568862 0.4528443113772455 0.3562874251497006 0.08233532934131738
5 0.41691616766467066 0.5718562874251497 0.2769461077844311 0.05688622754491021
1 0.6579341317365269 0.6227544910179641 0.18712574850299404 0.06287425149700596
3 0.4977544910179641 0.6706586826347305 0.09131736526946106 0.06586826347305404
6 0.8794910179640718 0.6803892215568862 0.1541916167664671 0.07335329341317362
7 0.5194610778443114 0.7724550898203592 0.4730538922155689 0.05688622754491021
8 0.7365269461077844 0.8285928143712575 0.14071856287425136 0.061377245508981985
8 0.5157185628742514 0.8727544910179641 0.45958083832335334 0.059880239520958015
2 0.21407185628742514 0.8428143712574849 0.1317365269461078 0.05089820359281447
0 0.4999999999999997 0.4999999360541857 0.9999999999999994 0.8652695889694739
