4 0.5666167664670658 0.4535928143712574 0.3338323353293412 0.08383233532934135
5 0.423652700623387 0.5845808383233533 0.2514970059880239 0.06437125748502993
1 0.6571856257362105 0.6422155688622755 0.16766467065868254 0.06586826347305397
3 0.5127245508982036 0.6961077844311377 0.07934131736526943 0.0658682634730539
6 0.8637724550898205 0.6946107784431138 0.13772455089820368 0.06886227544910184
7 0.39071856888686013 0.8106287657679936 0.15868263473053892 0.0523952095808383
8 0.7732035928143712 0.8660179640718563 0.2110778443113773 0.07335329341317362
8 0.5920658682634725 0.9296407592556651 0.5673652694610775 0.0538921341832798
2 0.24026946408414865 0.8929641067358225 0.12724550898203596 0.061377245508981985
0 0.5059880239520959 0.5029940119760479 0.9670658682634731 0.9610778443113772
