4 0.5785928143712574 0.44610778443113774 0.35179640718562866 0.0898203592814371
5 0.4955089850422324 0.5696107319370668 0.4221556886227545 0.0793413173652695
1 0.6646706586826348 0.6384730538922155 0.18562874251497014 0.06437125748502993
3 0.5067365269461078 0.6953592814371257 0.094311377245509 0.07335329341317362
6 0.8794910179640718 0.6991017964071855 0.1541916167664671 0.08083832335329348
7 0.533682634730539 0.8218562874251496 0.5074850299401199 0.07185628742514978
8 0.7529940119760478 0.8914670658682635 0.1706586826347305 0.06137724550898213
8 0.5688622754491017 0.9543413173652695 0.5718562874251496 0.06736526946107788
2 0.2118263473053892 0.9109281437125748 0.1332335329341317 0.058383233532934044
0 0.50374251497006 0.500748502994012 0.9925149700598803 0.9985029940119761
