4 0.563622754491018 0.4610778443113773 0.31886227544910173 0.0808383233532934
5 0.4528443113772455 0.5726047904191617 0.3008982035928144 0.06437125748502993
1 0.6474550898203593 0.6317365269461078 0.1721556886227544 0.0538922155688622
3 0.5082335329341316 0.6803892215568862 0.07634730538922156 0.07035928143712568
6 0.8278443113772456 0.6781437125748502 0.12874251497005987 0.07485029940119758
7 0.5187125748502994 0.783682634730539 0.4146706586826347 0.0553892215568861
8 0.7178143712574849 0.8390718562874252 0.13622754491017958 0.058383233532934044
8 0.49026946107784425 0.8862275449101795 0.35778443113772446 0.05988023952095815
2 0.25449101646091976 0.8592814371257476 0.11976049407343797 0.050898203592814426
0 0.48802395209580846 0.4992514970059879 0.8982035928143713 0.8817365269461077
