4 0.5718562874251496 0.4565868263473054 0.32934131736526945 0.08682634730538923
5 0.49700598802395207 0.5800898203592815 0.3952095808383234 0.06437125748502993
1 0.6586826527683648 0.6489521074348948 0.155688622754491 0.06437125748502986
3 0.5119760479041916 0.6991017964071857 0.09580838323353291 0.07185628742514978
6 0.8600299401197604 0.6976047904191617 0.14820359281437134 0.07784431137724553
7 0.47529940119760483 0.8038922155688623 0.35179640718562877 0.06287425149700596
8 0.7118263473053892 0.8682634730538922 0.09131736526946113 0.0658682634730539
8 0.592814371257485 0.9288922155688623 0.5568862275449102 0.08233532934131745
2 0.24550899105484114 0.8974551130733829 0.1287425149700599 0.06736526946107788
0 0.49775449101796404 0.5059880239520957 0.9446107784431138 0.9520958083832335
