4 0.5763473053892215 0.45059880239520955 0.3293413173652695 0.08982035928143717
5 0.45059880239520955 0.5815868263473054 0.29640718562874246 0.0673652694610778
1 0.6654191616766468 0.6429640718562873 0.18413173652694625 0.061377245508981985
3 0.5209580838323353 0.6991017964071855 0.08682634730538923 0.0688622754491017
6 0.8637724550898205 0.687125748502994 0.1407185628742515 0.07485029940119774
7 0.5097305389221557 0.809880239520958 0.39970059880239533 0.05988023952095815
8 0.7724550898203593 0.8697604790419162 0.21257485029940112 0.05089820359281447
8 0.5014970059880239 0.9281437125748502 0.3652694610778443 0.05988023952095815
2 0.24850299701828035 0.8914671007477986 0.12574849698140328 0.05838316377386327
0 0.500748502994012 0.4992514970059881 0.9505988023952096 0.971556886227545
