4 0.5808383233532934 0.4491017964071856 0.3323353293413173 0.08083832335329348
5 0.5254491017964071 0.5770957967567218 0.42814371257485023 0.07035930469014931
1 0.6616766467065868 0.6377245857777389 0.17365269461077845 0.05688622754491028
3 0.5187125808629081 0.6961078541902082 0.07335329341317362 0.07485029940119774
6 0.8854790419161677 0.6856287425149701 0.15718562874251518 0.07784431137724568
7 0.5112275449101797 0.8076347305389223 0.40568862275449113 0.058383233532934044
8 0.7387724550898205 0.8622754491017963 0.10329341317365262 0.05389221556886227
8 0.6272455210072533 0.9184131271466478 0.6287425149700598 0.06736526946107788
2 0.24700598802395213 0.8974550898203593 0.1287425149700599 0.05538922155688624
0 0.5119760479041916 0.5089820359281437 0.9760479041916167 0.9580838323353293
