4 0.5770958083832335 0.4476047904191617 0.34281437125748504 0.08383233532934135
5 0.46706586826347307 0.5733532934131736 0.3293413173652695 0.06586826347305383
1 0.6654191616766467 0.6452095808383234 0.16616766467065866 0.0658682634730539
3 0.5164670658682635 0.6893712574850299 0.08682634730538923 0.07634730538922156
6 0.8794910179640719 0.6946107784431138 0.1392215568862275 0.07185628742514978
7 0.4782934131736527 0.8091317365269461 0.3727544910179641 0.061377245508981985
8 0.8016467065868264 0.8712574850299402 0.23802395209580823 0.06886227544910184
8 0.5516467065868264 0.9341317365269461 0.5134730538922156 0.07485029940119758
2 0.2312874251497006 0.8937125748502994 0.12724550898203596 0.05688622754491036
0 0.5037425239889728 0.4977545026444758 0.9865269280699585 0.9745508749505692
