4 0.5359281437125748 0.5276946107784432 0.27544910179640725 0.06437125748502993
5 0.4273952095808383 0.6197604790419162 0.2260479041916168 0.05688622754491007
1 0.6130239520958084 0.6684131736526946 0.14520958083832333 0.0523952095808383
3 0.4797904191616766 0.7073353293413175 0.061377245508982055 0.05538922155688639
6 0.7791916167664671 0.7133233532934132 0.10928143712574837 0.0523952095808383
7 0.5449101796407184 0.7934131445864153 0.45508982035928125 0.05089814546025576
8 0.656437125748503 0.8390718562874251 0.09131736526946099 0.04341317365269475
8 0.5508982035928143 0.8892215568862275 0.4580838323353293 0.05688622754491007
2 0.2649700719054568 0.8615269751740634 0.10479043719950262 0.040419173303158855
0 0.48203594317523435 0.5643712691115417 0.7904191316136037 0.7185628509984735
