4 0.5681137724550898 0.4483532934131736 0.3278443113772454 0.08532934131736525
5 0.43038922155688625 0.5793413173652695 0.2470059880239521 0.06586826347305397
1 0.6511976047904191 0.6377245508982037 0.15269461077844312 0.06886227544910191
3 0.5029940029571349 0.6961078076841613 0.0658682634730539 0.0658682634730539
6 0.8532934131736528 0.6923652694610779 0.13772455089820368 0.07335329341317362
7 0.531437125748503 0.8106287425149701 0.45808383233532934 0.05838323353293418
8 0.749251497005988 0.874251497005988 0.17514970059880228 0.06287425149700596
8 0.5134730538922155 0.9251497005988024 0.4191616766467065 0.059880239520958015
2 0.1773952095808383 0.9491017964071855 0.1811377245508982 0.04491017964071844
0 0.4985029940119761 0.5022455089820359 0.9520958083832336 0.9655688622754492
