4 0.5711077844311377 0.4550898203592814 0.33383233532934126 0.0898203592814371
5 0.4356287425149701 0.5763473053892215 0.2814371257485029 0.07185628742514971
1 0.6609281256747488 0.6452095924648351 0.16017964071856283 0.05688622754491028
3 0.5127245508982036 0.6923652694610779 0.0673652694610778 0.06437125748503007
6 0.8645209580838323 0.687125748502994 0.14221556886227546 0.08383233532934127
7 0.5636227514847136 0.8106287308884583 0.5194610778443114 0.05838323353293418
8 0.7267964071856287 0.8705089820359282 0.10628742514970056 0.058383233532934044
8 0.5666167694733703 0.9258982035928137 0.5134730478796071 0.05838323353293418
2 0.24850299100567175 0.9064371141219912 0.125748502994012 0.06437125748502993
0 0.5022455089820359 0.5 0.9535928143712574 0.9730538922155688
