4 0.5658682634730539 0.4513473053892216 0.3263473053892216 0.08233532934131738
5 0.4273952095808383 0.5808383233532933 0.24401197604790417 0.07784431137724546
1 0.6534431122693027 0.6437125748502992 0.17215572169210222 0.07185628742514993
3 0.498502994011976 0.6916167664670658 0.07185628742514964 0.06287425149700596
6 0.854041910155056 0.6976047904191617 0.13023952095808397 0.0658682634730539
7 0.5321856257362105 0.8098802046414229 0.45059880239520955 0.06287425149700596
8 0.7477544819990513 0.8720059880239519 0.16616768270848464 0.07035928143712568
8 0.5149700598802396 0.9266467065868264 0.410179640718563 0.06287425149700596
2 0.17440119760479042 0.9491017964071855 0.18113772455089822 0.04790419161676638
0 0.501497005988024 0.5029940410423274 0.94311377245509 0.9640717981548668
