4 0.5898203592814372 0.43113772455089816 0.3353293413173654 0.09880239520958078
5 0.5389221556886227 0.5561377245508983 0.4640718562874251 0.09431137724550893
1 0.6811377245508982 0.627994011976048 0.17664670658682632 0.07335329341317362
3 0.5284431137724551 0.6781437125748502 0.09281437125748497 0.08083832335329348
6 0.8869760479041916 0.684880239520958 0.14520958083832342 0.0823353293413173
7 0.5284431137724548 0.797904139297464 0.4191616766467062 0.0718561827865436
8 0.812125748502994 0.8645209348308092 0.2350299401197604 0.06437121097898275
8 0.5741017964071855 0.9251496599060114 0.528443113772455 0.08383232370282956
2 0.24550898203592816 0.8854790419161677 0.1287425149700598 0.06437125748502978
0 0.5112275358912665 0.49476043834912486 0.9775449282174662 0.9835330155173183
