4 0.5658682634730539 0.4535928143712574 0.3233532934131736 0.0808383233532934
5 0.42889221556886226 0.5823353293413174 0.26197604790419166 0.0688622754491017
1 0.6579341317365269 0.6444611127238465 0.16017964071856292 0.07035928143712575
3 0.500748502994012 0.6953592814371257 0.0673652694610778 0.06437125748502993
6 0.8600299401197605 0.6916167664670658 0.14221556886227532 0.07185628742514964
7 0.5351796407185629 0.812874251497006 0.46556886227544925 0.05988023952095815
8 0.7455089820359282 0.8697604790419162 0.1616766467065868 0.059880239520958015
8 0.5434131736526946 0.9318862275449102 0.47904191616766467 0.06437125748503007
2 0.2357784431137725 0.8877245508982037 0.13323353293413173 0.05089820359281433
0 0.5029940119760479 0.5037425149700598 0.9520958083832335 0.9595808383233532
