4 0.563622754491018 0.4573353293413174 0.3308383233532935 0.09730538922155701
5 0.42889222007831895 0.5778443520700365 0.2799401107415662 0.08083824196771136
1 0.654191616766467 0.6437125748502993 0.1796407185628742 0.07185628742514964
3 0.49925149700598803 0.6938622754491018 0.09431137724550893 0.08233532934131745
6 0.8637724550898205 0.7118263473053892 0.14670658682634738 0.08832335329341333
7 0.6070359326531692 0.8203592814371263 0.6482035837954585 0.08682627754631828
8 0.7934131736526946 0.8944610778443115 0.2694610778443115 0.08532934131736525
8 0.6032934131736526 0.9431137724550898 0.6556886227544909 0.10179640718562866
2 0.2125748502994012 0.8877245508982036 0.125748502994012 0.06287425149700596
0 0.48803300733459787 0.5209580838323353 0.9730720748444517 0.9580838323353293
