4 0.5688622754491018 0.45059880239520955 0.33233532934131743 0.08383233532934142
5 0.4266467065868263 0.5718562874251497 0.25449101796407186 0.0688622754491017
1 0.6594311377245508 0.6294910179640718 0.16616766467065866 0.06736526946107788
3 0.5112275449101797 0.68188622754491 0.07335329341317369 0.061377245508981985
6 0.8600299401197604 0.6729041916167664 0.14820359281437134 0.07634730538922149
7 0.5224550898203593 0.8016467065868264 0.437125748502994 0.05838323353293418
8 0.7163173652694611 0.8547904191616766 0.10029940119760482 0.05988023952095815
8 0.5336826347305389 0.9176646706586825 0.4356287425149701 0.09880239520958085
2 0.24251497005988024 0.875748502994012 0.12275449101796404 0.04790419161676638
0 0.4992514970059881 0.5 0.9505988023952097 0.9520958083832335
