4 0.5733532934131736 0.4408682634730539 0.3353293413173653 0.09131736526946106
5 0.47754491017964074 0.5741017964071857 0.341317365269461 0.0673652694610778
1 0.6579341317365269 0.6347305389221557 0.1781437125748502 0.059880239520958084
3 0.5044910239766807 0.6938623452081721 0.07485029940119758 0.07634730538922156
6 0.8630239520958085 0.6916167664670658 0.12724550898203588 0.07185628742514964
7 0.5366766467065868 0.8143712574850299 0.48952095808383234 0.05688622754491036
8 0.8016467065868264 0.8645209580838323 0.25 0.05239520958083844
8 0.6145209671027453 0.9318863089304925 0.62125748502994 0.07035939770224224
2 0.2350299401197605 0.8944610778443114 0.12574850299401194 0.05838323353293418
0 0.5 0.4992514970059881 0.9431137724550898 0.9625748502994013
