4 0.5785928143712574 0.4513473053892216 0.27694610778443113 0.06437125748503
5 0.5112275659543098 0.5441616998997302 0.3008982035928144 0.05538922155688631
1 0.6639221556886227 0.5838323353293413 0.13922155688622745 0.04491017964071851
3 0.5344311437371594 0.6309881053376779 0.059880239520958084 0.05538922155688617
6 0.8285928143712575 0.6212574966564519 0.1092814371257485 0.05988023952095801
7 0.4872754611270136 0.7178143712574852 0.24401197604790417 0.040419161676646664
8 0.7642215568862275 0.747754491017964 0.17814371257485034 0.0553892215568861
8 0.6268803849328397 0.8039791469913904 0.5089820359281436 0.05239520958083831
2 0.31137724250267756 0.8008982500988614 0.11077844311377244 0.05089820359281447
0 0.5202095928635405 0.4940120051141832 0.8188622513986671 0.733532875999177
