4 0.5643712574850299 0.4565868263473054 0.3263473053892216 0.08682634730538923
5 0.45209580838323354 0.5800898203592815 0.31736526946107785 0.06736526946107788
1 0.6609281437125748 0.6407185628742514 0.18712574850299396 0.06886227544910184
3 0.5097305359158514 0.7043413987508518 0.08832335329341312 0.07335329341317376
6 0.8562874251497007 0.6938622754491018 0.14371257485029942 0.07335329341317376
7 0.5508982035928145 0.812125748502994 0.4970059880239522 0.06137724550898213
8 0.7342814371257486 0.8667664670658684 0.1392215568862275 0.05089820359281433
8 0.5613772455089819 0.9266467065868264 0.5119760479041915 0.0688622754491017
2 0.24026946107784433 0.8892215568862275 0.12425149700598805 0.05688622754491007
0 0.5059880419899221 0.5029940177893036 0.9491017603315345 0.9550898087327694
