4 0.5568862275449102 0.468562874251497 0.2634730538922156 0.0658682634730539
5 0.4910179640718563 0.5479041916167664 0.2904191616766467 0.044910179640718584
1 0.6279940119760479 0.5973053892215568 0.12724550898203588 0.03892215568862276
3 0.5119760479041916 0.6294910179640719 0.06287425149700603 0.04940119760479043
6 0.783682634730539 0.6294910179640719 0.10628742514970056 0.05239520958083837
7 0.5157185628742514 0.7088323353293413 0.3308383233532934 0.03742514970059887
8 0.7342814371257486 0.7514970059880238 0.19311377245508993 0.03592814371257489
8 0.5958083832335329 0.7934131736526946 0.48502994011976036 0.041916167664670635
2 0.29940119760479045 0.7702095808383234 0.09880239520958085 0.040419161676646664
0 0.4977544955274204 0.49850305214453483 0.7529939849193087 0.6646705424175174
