4 0.5426646706586826 0.437874251497006 0.2769461077844311 0.05838323353293418
5 0.466317365269461 0.532185628742515 0.2859281437125748 0.04341317365269461
1 0.622005988023952 0.5741017964071856 0.15419161676646717 0.04341317365269461
3 0.502994011976048 0.6145209580838323 0.07485029940119765 0.05838323353293418
6 0.8031437125748502 0.5965568862275449 0.12724550898203588 0.05838323353293418
7 0.5240384217471906 0.7164370620233116 0.40868263473053884 0.04497343859806977
8 0.7175678836095701 0.745954065638185 0.15269461077844307 0.04790419161676655
8 0.5512139366997627 0.7983335833839265 0.45359281437125654 0.04947907272622812
2 0.2657185628742515 0.780688622754491 0.1182634730538922 0.04341317365269461
0 0.49401198055735995 0.4932634323611008 0.838323392375368 0.7230541131192915
