4 0.56437125748503 0.4842814371257485 0.2784431137724552 0.03742514970059879
5 0.4932634730538922 0.5329341317365269 0.30688622754491013 0.029940119760479077
1 0.6467065868263472 0.559880239520958 0.1497005988023951 0.026946107784431135
3 0.5202095898572364 0.5823353177148056 0.05838323353293411 0.02694610778443113
6 0.8196107784431138 0.5778443113772455 0.12425149700598795 0.041916167664670635
7 0.5052395209580839 0.6279940119760479 0.3338323353293414 0.022455089820359292
8 0.6968562874251493 0.6489521016216393 0.0763473053892217 0.025449136675942386
8 0.5703592814371258 0.6766467065868264 0.44910179640718567 0.026946107784431062
2 0.2911676646706587 0.6661676646706587 0.10628742514970063 0.029940119760479007
0 0.5104790494319286 0.5014970059880238 0.8113772304774607 0.39221556886227515
