4 0.5598802395209581 0.4565868263473054 0.2784431137724551 0.059880239520958015
5 0.45883233532934137 0.5561377245508982 0.24401197604790426 0.061377245508982055
1 0.6377245508982037 0.6032934131736526 0.15269461077844318 0.0508982035928144
3 0.5007484969814034 0.6452096157178585 0.05239520958083837 0.0538922155688622
6 0.809880239520958 0.6467065868263472 0.12275449101796411 0.06586826347305383
7 0.4693113772455089 0.7282934131736528 0.2709580838323354 0.04940119760479036
8 0.7342814371257486 0.778443113772455 0.190119760479042 0.0628742514970061
8 0.468562874251497 0.8136227544910181 0.2664670658682635 0.05838323353293418
2 0.27694610778443113 0.7874251497005988 0.10179640718562875 0.041916167664670635
0 0.5014970120006326 0.49550895296964853 0.8233532813879563 0.7485030521445343
