4 0.5681137724550898 0.4401197604790419 0.33083832335329333 0.08682634730538923
5 0.4296407185628743 0.5681137724550898 0.2544910179640718 0.06736526946107795
1 0.6586826136864087 0.6272455089820359 0.1706586826347305 0.05988023952095801
3 0.5142215568862275 0.6811377245508982 0.0823353293413173 0.06586826347305404
6 0.8690119760479043 0.6751497005988023 0.14820359281437134 0.07185628742514964
7 0.5119760479041916 0.8023951979543265 0.4371257485029939 0.059880216267934584
8 0.7118263352801719 0.861526922854761 0.10628742514970056 0.05538922155688624
8 0.5247005988023952 0.9131736526946108 0.42964071856287434 0.06287425149700596
2 0.24026946107784433 0.8794910179640718 0.12425149700598805 0.058383233532934044
0 0.5014970059880239 0.4932634730538923 0.9580838323353293 0.9625748502994013
