4 0.5598802395209581 0.45059880239520955 0.3323353293413173 0.08682634730538923
5 0.5142215568862275 0.5793413173652694 0.4266467065868263 0.06886227544910184
1 0.6661676646706586 0.6437125748502994 0.17664670658682632 0.06886227544910191
3 0.5127245508982036 0.6961077844311377 0.08532934131736525 0.06287425149700596
6 0.8630239430768952 0.6931137840816015 0.1482035928143712 0.08682634730538936
7 0.4880239460831997 0.8173653159671247 0.3892215568862276 0.0688622754491017
8 0.7417664670658684 0.8667664670658682 0.1541916167664671 0.0658682634730539
8 0.5127245418792906 0.9296407185628734 0.4116766647444126 0.08083832335329343
2 0.24026946107784433 0.8929640718562873 0.12724550898203593 0.05538922155688624
0 0.5037425345110385 0.5059880878979108 0.9505987633132542 0.9640717283957969
