4 0.5808383233532934 0.45434131736526945 0.33532934131736525 0.09131736526946113
5 0.4850299341071518 0.5711077495516025 0.38323353293413165 0.0673652694610778
1 0.6684131736526946 0.6414670658682635 0.1721556886227544 0.06736526946107788
3 0.5142215568862275 0.6976047904191617 0.06736526946107795 0.05988023952095815
6 0.8824850299401197 0.6976047904191617 0.1511976047904193 0.07784431137724553
7 0.4296407185628743 0.8113772455089822 0.26946107784431134 0.05688622754491021
8 0.7949101796407185 0.8697604790419162 0.23053892215568866 0.07185628742514978
8 0.5494011976047904 0.9318862275449102 0.5089820359281437 0.06437125748503007
2 0.22904191616766467 0.8982035928143712 0.12275449101796411 0.044910179640718584
0 0.4985029940119761 0.49925149700598803 0.9940119760479043 0.9745508982035928
