4 0.562125748502994 0.4535928143712574 0.3308383233532934 0.08383233532934135
5 0.4648203592814371 0.5748502994011976 0.3458083832335329 0.07185628742514971
1 0.6616766467065868 0.6437125748502994 0.17664670658682638 0.06287425149700596
3 0.49625748502994016 0.687125748502994 0.07634730538922149 0.06287425149700596
6 0.8555389191493838 0.6923653275936366 0.13323355097195744 0.0793413173652695
7 0.5254491017964071 0.809880239520958 0.45808383233532923 0.05988023952095815
8 0.7110778443113773 0.8735029940119761 0.08982035928143717 0.0523952095808383
8 0.5276946107784432 0.9251497005988024 0.45359281437125737 0.0658682634730539
2 0.2365269461077844 0.8952095808383234 0.12574850299401194 0.0688622754491017
0 0.49925149700598803 0.500748502994012 0.9565868263473054 0.9625748502994012
