4 0.530688622754491 0.4341317365269461 0.2529940119760478 0.059880239520958084
5 0.40793413173652693 0.5232035928143712 0.17514970059880242 0.049401197604790496
1 0.5965568862275449 0.56437125748503 0.12724550898203588 0.05389221556886227
3 0.48203592814371254 0.6047904191616766 0.0658682634730539 0.05688622754491028
6 0.7612275449101795 0.6032934131736527 0.1122754491017963 0.0658682634730539
7 0.49026946107784397 0.6833832625992133 0.34580838323353275 0.040419103544087995
8 0.6654191616766467 0.7215568862275448 0.11227544910179638 0.041916167664670635
8 0.4955089820359281 0.7597305389221556 0.3473053892215568 0.0523952095808383
2 0.2634730538922156 0.7372754491017963 0.09880239520958085 0.049401197604790496
0 0.47455089820359286 0.48952095808383234 0.7724550898203593 0.6467065868263472
