4 0.5770958083832336 0.4498502994011976 0.3458083832335329 0.08832335329341319
5 0.47904191616766467 0.5733532934131736 0.3652694610778444 0.06886227544910177
1 0.6699101796407185 0.6407185628742514 0.17514970059880247 0.05688622754491007
3 0.5164670658682634 0.6916167664670658 0.0808383233532934 0.06886227544910184
6 0.8794910179640718 0.6938622754491018 0.1541916167664671 0.07335329341317376
7 0.44610778443113774 0.8113772455089822 0.2964071856287426 0.05688622754491021
8 0.7717065928389559 0.8690120399937189 0.1841317365269461 0.06437122260549513
8 0.5381736526946108 0.9296407185628743 0.4805389221556887 0.07185628742514964
2 0.23203592814371254 0.8944610778443114 0.11976047904191614 0.0523952095808383
0 0.49850299852143287 0.5044910470303511 0.9820359191248003 0.9790418580351057
