4 0.5681137724550898 0.45808383233532934 0.33083832335329333 0.08383233532934127
5 0.4416167664670658 0.5778443113772456 0.2724550898203592 0.06886227544910184
1 0.6594311377245508 0.6429640718562873 0.16616766467065866 0.05538922155688617
3 0.5164670658682635 0.6946107784431138 0.0898203592814371 0.07185628742514978
6 0.8645209580838323 0.6923652694610777 0.14520958083832342 0.07934131736526936
7 0.592065868263473 0.8106288239005522 0.5853293413173651 0.05538938432805009
8 0.8031437125748502 0.8682634730538922 0.25598802395209574 0.05688622754491007
8 0.590568862275449 0.9236526946107785 0.5673652694610779 0.05688622754491007
2 0.2462574850299401 0.8959580838323353 0.12125748502994015 0.05838323353293418
0 0.5014970059880239 0.5089820359281437 0.9431137724550898 0.9550898203592815
