4 0.5583832335329342 0.45059880239520955 0.3233532934131737 0.07784431137724553
5 0.5067365269461078 0.5755988023952096 0.4236526946107784 0.06437125748502993
1 0.6541916167664671 0.6369760479041916 0.16167664670658696 0.05838323353293418
3 0.500748502994012 0.6908682634730539 0.0673652694610778 0.06736526946107801
6 0.8577844311377245 0.6931137724550898 0.14670658682634724 0.0658682634730539
7 0.5583832335329341 0.8083832335329342 0.5269461077844311 0.05688622754491021
8 0.7791916167664671 0.8712574850299402 0.22604790419161674 0.06287425149700596
8 0.4917664580469554 0.928143724201362 0.37574850299401197 0.0688622754491017
2 0.23502993410715178 0.8997006220554187 0.11976047904191617 0.05688622754491021
0 0.5022455089820359 0.5082335329341316 0.9416167664670658 0.9625748502994012
