4 0.5793413173652695 0.4513473053892216 0.3383233532934131 0.09131736526946106
5 0.45359281437125754 0.5711077844311377 0.31736526946107785 0.0673652694610778
1 0.6721556886227544 0.6414670658682635 0.1886227544910181 0.06137724550898213
3 0.5127245508982036 0.6908682634730539 0.06437125748502993 0.06437125748502993
6 0.8802395209580838 0.6931137724550898 0.15568862275449105 0.08982035928143717
7 0.45958083832335334 0.812125748502994 0.3383233532934131 0.06736526946107774
8 0.7934131736526946 0.8652694610778443 0.22455089820359292 0.07485029940119774
8 0.5232035928143711 0.9296407650689215 0.45658682634730513 0.07185619441305598
2 0.23353293413173654 0.9011976047904191 0.12574850299401194 0.05688622754491007
0 0.5007485029940121 0.5037425149700598 0.9895209580838324 0.968562874251497
