4 0.5726047904191617 0.4498502994011976 0.3278443113772455 0.08832335329341319
5 0.4513473053892216 0.5770958083832336 0.2979041916167665 0.07934131736526936
1 0.6714071856287425 0.6384730538922156 0.18712574850299396 0.05538922155688624
3 0.5164670658682635 0.6946107784431138 0.08682634730538923 0.07784431137724539
6 0.8682634730538922 0.6931137724550898 0.1497005988023953 0.06886227544910184
7 0.5119760479041916 0.809880239520958 0.4191616766467065 0.05988023952095815
8 0.7717065868263472 0.8705089820359281 0.20808383233532937 0.06437125748503007
8 0.5037425149700598 0.9341317365269461 0.3757485029940119 0.0658682634730539
2 0.24775449101796407 0.8922155688622755 0.13023952095808383 0.0658682634730539
0 0.500748502994012 0.49925149700598803 0.9416167664670658 0.9745508982035928
