4 0.5673652694610778 0.4423652694610778 0.35329341317365265 0.08832335329341319
5 0.42140718562874246 0.5681137724550898 0.30389221556886226 0.07335329341317369
1 0.6639221556886228 0.6504491017964072 0.18712574850299413 0.07035928143712575
3 0.5037425209826685 0.7058383698593406 0.09431137724550907 0.07634730538922142
6 0.8877245508982037 0.7073353293413175 0.15269461077844326 0.0823353293413173
7 0.4850299401197604 0.8158682634730539 0.41317365269461076 0.07185628742514978
8 0.7148203592814372 0.8839820359281438 0.07634730538922156 0.06437125748502993
8 0.5456586826347305 0.9476047904191617 0.5164670658682635 0.07485029940119774
2 0.22305389221556887 0.8989520958083833 0.1347305389221557 0.0523952095808383
0 0.500748502994012 0.500748502994012 0.9985029940119761 0.9985029940119761
