4 0.5778443113772456 0.44236526946107785 0.2425149700598803 0.061377245508982055
5 0.5179640718562875 0.5276946107784432 0.29041916167664666 0.04940119760479043
1 0.6354790419161677 0.5681137724550898 0.12724550898203596 0.04940119760479043
3 0.524700606318156 0.6040419161676641 0.058383248564455655 0.04940119760479036
6 0.784431137724551 0.6017964071856288 0.10479041916167674 0.05389221556886227
7 0.4348802395209581 0.6796407185628743 0.14820359281437134 0.03592814371257475
8 0.7275449101796414 0.7095808266968414 0.19161676646706602 0.05089801756862618
8 0.5658682634730539 0.7574850299401197 0.4101796407185629 0.05988023952095815
2 0.31362275449101795 0.7290419161676647 0.08832335329341316 0.032934131736527095
0 0.5247005867771782 0.4782934131736522 0.7380239761462437 0.6422155688622749
