4 0.5389221496760143 0.4543413173652695 0.23952095808383247 0.05838323353293411
5 0.4416167664670659 0.5359281437125749 0.19461077844311375 0.04491017964071865
1 0.6182634730538922 0.5755988023952097 0.13772455089820362 0.04940119760479043
3 0.5052395209580838 0.6107784431137725 0.06437125748503 0.047904191616766456
6 0.7634730538922156 0.6115269461077844 0.1077844311377244 0.05838323353293411
7 0.5074850299401197 0.6908682634730539 0.3053892215568862 0.040419161676646664
8 0.6729041946230707 0.7275449101796407 0.11526945506523538 0.04491017964071857
8 0.5112275449101795 0.7664670658682634 0.31586826347305386 0.047904191616766525
2 0.3061377245508982 0.7395209580838323 0.09131736526946113 0.047904191616766525
0 0.498502994011976 0.4940119760479042 0.718562874251497 0.6646706586826348
