4 0.5508982035928143 0.4708083832335329 0.24550898203592816 0.05838323353293411
5 0.5464071856287426 0.5516467065868264 0.3892215568862275 0.046407185628742485
1 0.6175149700598803 0.5950598802395209 0.13023952095808397 0.04041916167664674
3 0.5104790419161677 0.6309880239520957 0.06287425149700596 0.04341317365269468
6 0.7747005988023952 0.6317365269461078 0.10628742514970056 0.0538922155688622
7 0.47754491017964074 0.7035928143712574 0.23952095808383234 0.038922155688622694
8 0.719311377245509 0.7410179640718562 0.1841317365269461 0.04790419161676638
8 0.562874251497006 0.778443113772455 0.40119760479041916 0.03892215568862284
2 0.3098802395209581 0.7649700598802396 0.09880239520958085 0.038922155688622694
0 0.49925149700598803 0.5029940119760478 0.7050898203592815 0.6287425149700598
