4 0.561377245508982 0.4453592814371257 0.27245508982035926 0.061377245508981985
5 0.5112275404007232 0.5411676762971702 0.33383229624738503 0.05838321027991075
1 0.6482035928143712 0.5860778443113772 0.1437125748502995 0.04341317365269461
3 0.5239520958083833 0.6324850299401197 0.07485029940119765 0.04940119760479036
6 0.8263473053892215 0.6287425149700598 0.12874251497005987 0.06287425149700596
7 0.5613772455089819 0.7223054182878365 0.434131736526946 0.04940125573734921
8 0.7589820359281438 0.7627245508982036 0.188622754491018 0.05838323353293418
8 0.562125748502994 0.8151197953585771 0.42664670658682624 0.052395232833862035
2 0.28892216470753573 0.7964072088817659 0.11676646706586827 0.04790419161676638
0 0.5134730614079764 0.49176647287912423 0.8263472903577 0.7440119644213926
