4 0.5823353293413174 0.4026946107784431 0.3383233532934132 0.08682634730538923
5 0.4288922155688622 0.5434132259719974 0.23502994011976047 0.07784420673864009
1 0.6646706496637216 0.607035951396736 0.1706586826347305 0.0793413173652695
3 0.5067365419776294 0.6758983198579318 0.08233532934131738 0.07335329341317369
6 0.8839820299155352 0.6751497354783376 0.1541916167664671 0.08383233532934127
7 0.4483532934131736 0.8008982035928145 0.31287425149700604 0.07784431137724553
8 0.7604790419161677 0.8577844311377245 0.1706586826347305 0.08682634730538923
8 0.5269461077844312 0.93188622754491 0.4790419161676647 0.07035928143712582
2 0.22005988023952094 0.906437125748503 0.13473053892215567 0.05838323353293418
0 0.5014970089943279 0.5000000000000001 0.9970059820113428 1.0000000000000002
