4 0.5583832335329342 0.44910179640718567 0.33233532934131743 0.0898203592814371
5 0.45958083832335334 0.5763473053892215 0.3323353293413174 0.07185628742514971
1 0.6631736526946108 0.6377245974042505 0.17964071856287434 0.056886227544910135
3 0.5022455089820359 0.6886227544910178 0.07335329341317369 0.07784431137724553
6 0.8540419161676647 0.687874251497006 0.14520958083832342 0.0793413173652695
7 0.5276946107784432 0.8046407185628743 0.4565868263473055 0.061377245508981985
8 0.7073353293413175 0.8675149700598801 0.09730538922155701 0.05838323353293418
8 0.531437125748503 0.9206586826347305 0.4610778443113772 0.06586826347305404
2 0.23802395209580837 0.8944610778443115 0.1287425149700599 0.05538922155688639
0 0.5007485060003163 0.5022454508494772 0.9775449101796407 0.9565868263473054
