4 0.5718562874251496 0.4558383233532934 0.32934131736526945 0.08832335329341319
5 0.4221556886227545 0.5793413173652695 0.23652694610778446 0.07185628742514971
1 0.6586826166927129 0.642215580488787 0.1676646706586827 0.0658682634730539
3 0.5134730388606938 0.6961078193106729 0.07784431137724546 0.07185628742514964
6 0.8682634730538922 0.6946107784431138 0.15868263473053887 0.08383233532934127
7 0.39595808383233533 0.8091317365269461 0.17215568862275457 0.0523952095808383
8 0.7829341317365269 0.8735029940119758 0.218562874251497 0.07035928143712582
8 0.5898203592814372 0.9281437125748504 0.5658682634730539 0.07185628742514978
2 0.24026946107784433 0.8907185628742514 0.12125748502994015 0.047904191616766525
0 0.5044910179640718 0.5037425149700598 0.9640718562874251 0.968562874251497
