4 0.562125748502994 0.4348802395209581 0.33682634730538924 0.09431137724550907
5 0.43038922155688625 0.562125748502994 0.2769461077844312 0.0793413173652695
1 0.6571856317488194 0.6302395674641309 0.17065868263473058 0.07485029940119774
3 0.5082335329341318 0.6781437125748502 0.08233532934131738 0.06586826347305376
6 0.8667664820973897 0.6788922388218858 0.14371257485029929 0.08233532934131738
7 0.3727545060494857 0.7964072205082776 0.1586826347305389 0.05089820359281418
8 0.7761976047904191 0.8562874251497006 0.21407185628742526 0.06886227544910184
8 0.5995508982035929 0.9161676646706587 0.6122754491017964 0.05688622754491021
2 0.22979041916167667 0.8794910179640718 0.12724550898203593 0.049401197604790496
0 0.498502994011976 0.49775449101796404 0.9700598802395208 0.9625748502994012
