4 0.5666167664670658 0.4513473053892216 0.35479041916167653 0.08233532934131738
5 0.5074850299401197 0.5778443113772456 0.45808383233532934 0.07185628742514971
1 0.6714071856287426 0.6474550898203593 0.19910179640718562 0.06437125748502986
3 0.5082335329341318 0.6998502994011976 0.09131736526946106 0.0793413173652695
6 0.8892215568862275 0.7013473053892215 0.15568862275449105 0.0823353293413173
7 0.5194610778443114 0.8203592814371257 0.4970059880239522 0.06886227544910184
8 0.7238023952095809 0.8892215568862275 0.0793413173652695 0.05688622754491007
8 0.6190119760479043 0.9535928143712574 0.6601796407185629 0.06886227544910184
2 0.22155689224015357 0.9258982268458378 0.13473055094737296 0.07035928143712578
0 0.500748502994012 0.500748502994012 0.9985029940119761 0.9985029940119761
