4 0.5711077844311377 0.45209580838323354 0.33682634730538924 0.08383233532934127
5 0.46706586826347307 0.5733532934131736 0.31736526946107785 0.07485029940119765
1 0.6616766467065868 0.6437125748502993 0.16766467065868276 0.05389221556886227
3 0.5074850299401197 0.69311377245509 0.07485029940119758 0.07485029940119758
6 0.8697604880608292 0.6953593279431726 0.15568862275449105 0.0793413173652695
7 0.6070359281437123 0.8128742921897968 0.6122754491017963 0.05988015813537602
8 0.720808383233533 0.8735029940119761 0.09131736526946113 0.05838323353293418
8 0.6070359281437127 0.9326347305389221 0.5883233532934132 0.059880239520958015
2 0.24251497005988024 0.8929640718562873 0.125748502994012 0.061377245508981985
0 0.5015060973024653 0.5089820359281437 0.9461259670600205 0.9820359281437127
