4 0.5681137724550898 0.44311377245508976 0.3278443113772454 0.0808383233532934
5 0.48727544910179643 0.5643712574850299 0.37275449101796404 0.0688622754491017
1 0.654191616766467 0.62874251497006 0.1796407185628742 0.05389221556886227
3 0.5089820359281437 0.6841317365269461 0.08383233532934135 0.06886227544910184
6 0.8592814371257486 0.6841317365269461 0.14970059880239517 0.07784431137724539
7 0.5396706526700261 0.7979042032432783 0.47455089820359275 0.06886227544910184
8 0.7904191616766468 0.8585329341317365 0.24850299401197604 0.07335329341317376
8 0.593562874251497 0.9206586826347305 0.5763473053892215 0.08982035928143717
2 0.2432634730538922 0.8809880239520959 0.13023952095808383 0.058383233532934044
0 0.5044910179640718 0.5 0.9341317365269459 0.940119760479042
