4 0.5531437125748504 0.5179640718562873 0.2709580838323354 0.05688622754491014
5 0.494760479041916 0.6017963664928381 0.31287425149700593 0.053892296954444883
1 0.6362275449101795 0.6407185628742514 0.13772455089820362 0.038922155688622694
3 0.5134730538922156 0.687125748502994 0.06886227544910184 0.05089820359281418
6 0.8061377245508982 0.6736526946107785 0.1152694610778444 0.05688622754491007
7 0.5074850299401198 0.7657185570609956 0.3443113772455089 0.03742516132711052
8 0.744760479041916 0.7979041916167665 0.1871257485029939 0.038922155688622555
8 0.5845808383233532 0.8465569094805686 0.47455089820359264 0.052395256086884674
2 0.2904191616766467 0.8360778443113773 0.10479041916167667 0.04341317365269461
0 0.5014970089943281 0.5666167897200894 0.7904191556640379 0.6541915702604203
