4 0.5538922155688623 0.48877245508982037 0.25449101796407175 0.06437125748502993
5 0.49176646706586824 0.5800898203592815 0.26796407185628746 0.049401197604790496
1 0.6362275449101797 0.622005988023952 0.15568862275449105 0.046407185628742624
3 0.5119760479041916 0.658682634730539 0.06586826347305383 0.05688622754491014
6 0.7904191616766467 0.6571856287425151 0.11676646706586837 0.05089820359281447
7 0.5658682634730539 0.7425149700598803 0.45209580838323354 0.04491017964071844
8 0.6863772455089822 0.7881736526946108 0.1092814371257485 0.04341317365269461
8 0.5726047904191617 0.8278443113772453 0.4595808383233533 0.05389221556886227
2 0.29191616766467066 0.8038922155688624 0.10179640718562873 0.05089820359281433
0 0.49850300002458453 0.5336826579835626 0.7544910059388542 0.66916163014066
