4 0.5531372845222198 0.4436134681011676 0.33832335329341284 0.06886227544910177
4 0.5441616766467067 0.3106287425149701 0.007485029940119787 0.010479041916167659
5 0.44748606987364264 0.5665896004870445 0.30361384339575787 0.06460971435372802
1 0.6492189598795194 0.6109912923863261 0.1856287545401873 0.052395244460373414
3 0.5067365224366511 0.667664693911706 0.08832332623667423 0.059880146508864224
6 0.8577844176093543 0.6452095808383238 0.14071854183012067 0.06886222894305562
7 0.6026084170879079 0.7930255789576504 0.6122754491017953 0.06137488701995902
8 0.7993485311383154 0.8219996052754905 0.26946107784431134 0.055381300499234815
8 0.5959260070671105 0.9047972072165661 0.5959057735039571 0.06679512006777362
2 0.23063245017699568 0.8809883688839953 0.14371257485029945 0.059880239520958084
0 0.49850297747730105 0.5052394105062216 0.9520958234147527 0.9715572699024306
