4 0.5711077844311377 0.4513473053892216 0.3547904191616766 0.09131736526946106
5 0.497754491017964 0.5823353293413173 0.42964071856287417 0.07185628742514971
1 0.653443113772455 0.6511976047904191 0.1781437125748502 0.05688622754491007
3 0.5029940119760479 0.7073353293413175 0.08682634730538923 0.0763473053892217
6 0.8832335329341318 0.7088323353293413 0.14071856287425163 0.08832335329341319
7 0.5172155688622755 0.8255988023952097 0.4955089820359281 0.07035928143712582
8 0.7103293413173652 0.8937125748502994 0.08233532934131745 0.06886227544910184
8 0.6077844311377245 0.9580838323353293 0.6526946107784432 0.07485029940119774
2 0.21706586826347304 0.9199101796407185 0.12874251497005987 0.061377245508981985
0 0.5 0.5022455089820359 1.0 0.9955089820359281
