4 0.5785928143712574 0.4528443113772455 0.33682634730538913 0.08532934131736525
5 0.46482035928143717 0.5755988023952097 0.34281437125748504 0.07035928143712575
1 0.6736526946107785 0.6384730538922154 0.17664670658682638 0.05838323353293411
3 0.5179640718562873 0.6908682634730539 0.08383233532934135 0.07035928143712568
6 0.8764970059880238 0.6908682634730539 0.13922155688622767 0.07035928143712568
7 0.4625748502994012 0.8113772455089819 0.3233532934131736 0.053892215568862124
8 0.7979041916167665 0.8690119760479041 0.2305389221556885 0.06437125748502993
8 0.5449101796407185 0.9296407185628743 0.4910179640718563 0.06886227544910184
2 0.22904191616766467 0.8982035928143712 0.12574850299401194 0.06287425149700596
0 0.500748502994012 0.5 0.9835329341317365 0.9790419161676647
