4 0.5830838323353293 0.4408682634730539 0.3577844311377245 0.08832335329341319
5 0.48502994011976047 0.5815868263473054 0.40119760479041916 0.07335329341317369
1 0.6826347305389221 0.6511976047904191 0.19461077844311375 0.06287425149700616
3 0.5209580838323353 0.7088323353293413 0.08682634730538923 0.06437125748502993
6 0.9071856287425148 0.7028443113772456 0.1616766467065868 0.06437125748503007
7 0.562125748502994 0.8353293413173652 0.5494011976047904 0.0658682634730539
8 0.8338323353293413 0.8959580140732644 0.2814371257485028 0.06137710599084209
8 0.5673652694610779 0.9640718562874252 0.5538922155688621 0.06287425149700596
2 0.22080838323353294 0.9288922155688623 0.14520958083832336 0.05538922155688624
0 0.5 0.500748502994012 1.0 0.9985029940119761
