4 0.5800898203592815 0.44461077844311375 0.3697604790419161 0.08682634730538923
5 0.5052395209580838 0.5800898087327697 0.4356287425149701 0.07335329341317369
1 0.6729041916167665 0.653443113772455 0.18413173652694595 0.07035928143712582
3 0.5044910179640718 0.7028443113772453 0.08083832335329333 0.07035928143712582
6 0.8989520958083833 0.7088323353293413 0.1511976047904193 0.08233532934131745
7 0.5044910179640719 0.8368263473053892 0.440119760479042 0.06886227544910184
8 0.8285928143712574 0.906437125748503 0.2889221556886227 0.06437125748502993
8 0.5494102768940147 0.9666604253346336 0.5269642904133142 0.06505737761537475
2 0.21032934131736528 0.9288922155688623 0.12724550898203596 0.06137724550898213
0 0.5 0.5 1.0 1.0
