4 0.5561377245508983 0.44910179640718567 0.3278443113772455 0.07784431137724546
5 0.4363772334837648 0.5741018429132326 0.2679640718562874 0.07035928143712575
1 0.6526946107784432 0.6332335329341316 0.17065868263473058 0.06886227544910177
3 0.5097305389221557 0.6863773152680523 0.08832335329341319 0.07035928143712568
6 0.8570359281437127 0.6863772455089819 0.1482035928143712 0.0793413173652695
7 0.559880239520958 0.7986526946107785 0.5239520958083832 0.061377245508981985
8 0.7836826347305389 0.8555389512219687 0.23502994011976056 0.06736509506340203
8 0.5119760479041916 0.9176646706586825 0.4191616766467065 0.07784431137724553
2 0.2350299401197605 0.8809880239520959 0.12574850299401194 0.06137724550898213
0 0.4985030015277371 0.4985030288915114 0.9550898053277602 0.9520957386241633
