4 0.5583832335329341 0.4535928143712574 0.32634730538922146 0.08383233532934135
5 0.43712574850299396 0.5830838323353293 0.2754491017964072 0.06437125748502993
1 0.6586826347305389 0.6407185628742514 0.16766467065868254 0.05688622754491007
3 0.49700598802395207 0.6953592814371257 0.07485029940119758 0.061377245508981985
6 0.8600299401197605 0.6968562874251496 0.13622754491017972 0.07335329341317362
7 0.5449101946722402 0.8068861926653752 0.502994011976048 0.05089820359281447
8 0.7230538922155688 0.8712574850299402 0.11676646706586823 0.05389221556886227
8 0.5546407185628743 0.9296407185628743 0.4895209580838325 0.05988023952095815
2 0.23877245508982037 0.8929640718562876 0.12724550898203596 0.05838323353293418
0 0.5022455089820359 0.5022455089820359 0.9476047904191617 0.968562874251497
