4 0.5651197364286074 0.4491017499011387 0.34880239520958084 0.0808383233532934
5 0.4932634730538922 0.5748502994011976 0.3817365269461078 0.0658682634730539
1 0.6721556886227547 0.6377245508982036 0.17065868263473064 0.059880239520958015
3 0.5112275509227883 0.6946108365756725 0.0973053892215569 0.0658682634730539
6 0.8667664670658684 0.6856287425149701 0.14371257485029942 0.07784431137724568
7 0.5217065868263472 0.8128742747500296 0.4595808383233533 0.06287425149700596
8 0.773952095808383 0.8652694785176118 0.19760479041916168 0.056886262424445194
8 0.600299404203909 0.931886274050957 0.592814371257485 0.06437130399107695
2 0.23652694911408878 0.9056886692605378 0.14071856287425152 0.05988023952095801
0 0.5014970059880239 0.5097305389221557 0.997005988023952 0.971556886227545
