4 0.5830838323353293 0.4528443113772455 0.33383233532934126 0.08233532934131738
5 0.48502994011976047 0.5741017964071857 0.38023952095808383 0.0673652694610778
1 0.6714071856287426 0.6429640718562873 0.16916167664670667 0.04940119760479036
3 0.5194610778443114 0.6923652694610777 0.0808383233532934 0.058383233532934044
6 0.8794910179640719 0.6923652694610777 0.1392215568862275 0.06736526946107788
7 0.500748502994012 0.812125748502994 0.4116766467065868 0.05838323353293418
8 0.8001497005988023 0.875 0.2410179640718563 0.05538922155688624
8 0.46781437125748504 0.9251497005988024 0.3278443113772455 0.06287425149700596
2 0.2320359281437126 0.8944610778443114 0.12275449101796404 0.0523952095808383
0 0.49925149700598803 0.5014970176145357 0.9865269461077844 0.9730538689625454
