4 0.5733532934131736 0.46032934131736525 0.32335329341317376 0.07934131736526943
5 0.44610778443113774 0.5733532934131736 0.27844311377245506 0.07485029940119765
1 0.6654191616766467 0.6407185628742514 0.1631736526946108 0.05688622754491007
3 0.5217065868263473 0.6953592814371257 0.08532934131736525 0.061377245508981985
6 0.8652694550652356 0.6998502994011977 0.1407185628742515 0.07035928143712582
7 0.436377245508982 0.8091317365269461 0.24101796407185624 0.0523952095808383
8 0.7949101796407185 0.8637724550898205 0.2365269461077844 0.0688622754491017
8 0.5965568862275449 0.9258982035928143 0.5613772455089819 0.05838323353293418
2 0.25374251497005984 0.8967065868263472 0.1362275449101797 0.05389221556886227
0 0.5022455089820359 0.49925149700598803 0.9535928143712574 0.9565868263473054
