4 0.562125748502994 0.4565868263473054 0.32485029940119764 0.08682634730538923
5 0.4476047904191616 0.5748502994011976 0.2964071856287425 0.07784431137724553
1 0.6631736526946108 0.6452095808383234 0.17664670658682638 0.059880239520958084
3 0.5089820359281437 0.6961077844311376 0.0898203592814371 0.07185628742514964
6 0.8562874251497006 0.6938622754491018 0.14970059880239517 0.07335329341317376
7 0.5067365269461078 0.8106287425149701 0.4146706586826349 0.05838323353293418
8 0.780688622754491 0.8690119760479041 0.2410179640718563 0.058383233532934044
8 0.5142215568862275 0.9296407185628742 0.4146706586826346 0.0658682634730539
2 0.24476047904191617 0.8944610778443115 0.12724550898203588 0.05538922155688639
0 0.5022455210072534 0.5029940119760478 0.9535927903208232 0.9580838323353291
