4 0.6152694610778443 0.38547904191616766 0.22455089820359284 0.07035928143712582
5 0.5561377245508982 0.49176646706586824 0.22904191616766462 0.05239520958083837
1 0.6773952095808383 0.5494011976047903 0.11526946107784447 0.047904191616766456
3 0.5785928143712574 0.590568862275449 0.05838323353293411 0.07035928143712582
6 0.8136227544910178 0.5883233532934131 0.09730538922155701 0.06287425149700596
7 0.6115269461077844 0.6916167664670658 0.33682634730538924 0.05389221556886227
8 0.7514970059880239 0.7402694610778443 0.1257485029940119 0.04341317365269461
8 0.6212574850299402 0.7941616766467066 0.34431137724550903 0.05838323353293418
2 0.406437125748503 0.7694610778443114 0.08233532934131738 0.044910179640718584
0 0.5800898203592815 0.45059880239520955 0.6182634730538922 0.7934131736526946
