4 0.5711077844311377 0.43263473053892215 0.31886227544910184 0.08383233532934135
5 0.5576347215200091 0.5486526248517078 0.47754491017964074 0.061377245508981916
1 0.6631736526946108 0.6107784431137725 0.1736526946107785 0.0508982035928144
3 0.5202095808383234 0.6556886227544909 0.0793413173652695 0.07185628742514971
6 0.8555389221556885 0.658682634730539 0.13023952095808383 0.06886227544910191
7 0.5726047904191617 0.7627245508982037 0.5014970059880239 0.0553892215568861
8 0.7492514970059883 0.8173652520213102 0.16616766467065877 0.0658682285935188
8 0.5232035928143712 0.8735029940119761 0.41467065868263475 0.06736526946107774
2 0.2537425149700599 0.845808383233533 0.1182634730538922 0.05389221556886227
0 0.5082335209089137 0.4932634846804038 0.9236527186612118 0.8787425382230832
