4 0.5688622754491018 0.4513473053892216 0.3383233532934131 0.09131736526946106
5 0.4236526946107784 0.5785928143712574 0.2365269461077844 0.07035928143712575
1 0.6579341317365269 0.6354790419161677 0.1571856287425149 0.06437125748502986
3 0.5194610778443114 0.7005988023952097 0.09880239520958092 0.06886227544910184
6 0.863772452083516 0.6976048020456733 0.13772455089820368 0.07485029940119758
7 0.517964077868896 0.8128742282439825 0.40718562874251496 0.05688622754491007
8 0.7035928143712574 0.8682634730538922 0.07185628742514978 0.05089820359281433
8 0.5920658682634731 0.9273952095808383 0.5553892215568862 0.05838323353293418
2 0.24326347004758783 0.9109281669655985 0.13023952095808375 0.055389151797816144
0 0.500748502994012 0.4985029940119761 0.9535928143712574 0.9610778443113773
