4 0.5598802395209581 0.4356287425149701 0.3383233532934132 0.08682634730538923
5 0.4356287425149701 0.5658682634730539 0.2664670658682635 0.07485029940119758
1 0.6534431137724552 0.625748502994012 0.16317365269461084 0.05688622754491021
3 0.5104790419161677 0.6841317365269461 0.07485029940119765 0.06886227544910184
6 0.8615269461077844 0.6833832335329342 0.13622754491017958 0.07035928143712582
7 0.3735030000245847 0.7971557235022897 0.1422155688622755 0.05538922155688639
8 0.7724550898203593 0.8577844311377245 0.21556886227544908 0.06287425149700596
8 0.5973053892215568 0.9131736759476347 0.592814371257485 0.059880193014911966
2 0.22979041916167664 0.8802395209580838 0.12425149700598802 0.05089820359281447
0 0.5029940119760479 0.500748502994012 0.9580838323353292 0.9505988023952096
