4 0.49251497005988026 0.5149700598802395 0.22455089820359284 0.059880239520958015
5 0.45209580838323354 0.590568862275449 0.2904191616766467 0.046407185628742555
1 0.5576347305389221 0.6272455089820359 0.12125748502994015 0.03293413173652695
3 0.45434131736526945 0.655688622754491 0.0523952095808383 0.044910179640718584
6 0.6953592814371258 0.658682634730539 0.10029940119760482 0.047904191616766595
7 0.5269461137970398 0.7238023603300456 0.4311377245508982 0.03742514970059872
8 0.6287425059511468 0.7582335678136671 0.13173652694610785 0.03443118423059792
8 0.5299401332888486 0.7964071856287415 0.43413176358368477 0.03892215568862264
2 0.26646705985565483 0.7769461077844312 0.08682635933060656 0.03293413173652679
0 0.44760477388448777 0.5553892215568861 0.6556886558238384 0.5628742514970058
