4 0.5591317365269461 0.4498502994011976 0.32485029940119753 0.0673652694610778
5 0.406437125748503 0.5785928143712574 0.21107784431137724 0.06437125748503
1 0.6541916167664671 0.6377245508982036 0.16467065868263467 0.059880239520958015
3 0.5082335329341318 0.6961077844311377 0.08832335329341312 0.059880239520958015
6 0.8585329341317365 0.6856287425149701 0.14520958083832342 0.06886227544910184
7 0.4977544910179641 0.812125748502994 0.39670658682634735 0.06137724550898213
8 0.7357784431137725 0.8607784431137725 0.1482035928143712 0.059880239520958015
8 0.5007485029940115 0.925898250098861 0.39371257485029887 0.06736536247317267
2 0.23577844762322894 0.8982035986276273 0.12125749404885305 0.050898215219326165
0 0.4985030030308893 0.5067365269461077 0.9371257304651687 0.9505988023952096
