4 0.5688622754491017 0.4655688622754491 0.32634730538922146 0.08383233532934135
5 0.4573353293413174 0.5830838323353293 0.312874251497006 0.06437125748502993
1 0.6541916272885322 0.6444611069105908 0.16766469170281253 0.06137730364154055
3 0.5112275358912667 0.7028443578832926 0.07634730538922156 0.0763473053892217
6 0.8570359191247995 0.7005988023952097 0.1392215568862275 0.07485029940119758
7 0.5508982035928143 0.8128742166174707 0.49999999999999983 0.05688622754491007
8 0.7327844311377247 0.8697604441623806 0.1332335329341318 0.05988016976188845
8 0.5553892215568862 0.93188622754491 0.49700598802395207 0.06736526946107788
2 0.23952095808383234 0.8922155688622755 0.12275449101796411 0.05988023952095815
0 0.5014970059880239 0.500748502994012 0.9431137724550898 0.9565868263473054
