4 0.5763473053892215 0.4483532934131737 0.3323353293413172 0.08832335329341319
5 0.49700598802395207 0.5770958083832335 0.40119760479041916 0.06437125748502993
1 0.6706586826347305 0.64446113597687 0.1616766467065868 0.05538922155688631
3 0.5089820359281437 0.687125748502994 0.0808383233532934 0.07485029940119774
6 0.8817365269461078 0.690119760479042 0.15568862275449105 0.06886227544910184
7 0.5419161676646707 0.8106287425149701 0.49401197604790426 0.05838323353293418
8 0.7979041916167665 0.8690119993009274 0.22754491017964085 0.0643713039910773
8 0.5583832335329341 0.9281437125748502 0.5329341317365269 0.05988023952095815
2 0.2275449101796407 0.8937125748502993 0.12574850299401202 0.05089820359281433
0 0.5022455089820359 0.4985029940119761 0.9895209580838323 0.9820359281437127
