4 0.5763473053892215 0.437874251497006 0.33532934131736525 0.08233532934131738
5 0.468562874251497 0.5726047904191617 0.37125748502994016 0.0673652694610778
1 0.6729041916167665 0.6272455089820359 0.18113772455089822 0.05688622754491028
3 0.5217065868263474 0.687874251497006 0.094311377245509 0.07335329341317376
6 0.8854790419161677 0.6736526946107785 0.151197604790419 0.06886227544910184
7 0.564296572597161 0.8138103739610318 0.5553892215568864 0.05539037176569418
8 0.7702095808383234 0.8540419161676647 0.17814371257485034 0.05239520958083844
8 0.6156141078606875 0.9243401733374338 0.624251484980771 0.061377303641541175
2 0.23353293413173654 0.8967065868263472 0.1347305389221557 0.05389221556886227
0 0.5022455089820359 0.5014970059880239 0.9955089820359281 0.9850299401197604
