4 0.5681137724550898 0.4558383233532935 0.35179640718562866 0.09131736526946106
5 0.500748502994012 0.5793413173652695 0.4356287425149701 0.07784431137724546
1 0.6571856287425148 0.6511976047904191 0.1826347305389222 0.07485029940119765
3 0.5052395329833012 0.7073353642208525 0.09730538922155695 0.07934131736526936
6 0.8787425149700598 0.7080838323353293 0.16467065868263475 0.09281437125748482
7 0.5239520958083831 0.8248502994011976 0.4820359281437125 0.06886227544910184
8 0.7140718562874252 0.8929640718562873 0.09580838323353291 0.06437125748502993
8 0.6055389221556886 0.9550898203592815 0.6511976047904191 0.08083832335329348
2 0.21332334427450023 0.9221556886227544 0.13323353293413176 0.0658682634730539
0 0.502994011976048 0.5044910179640718 0.9940119760479043 0.9910179640718563
