4 0.5778443113772455 0.4498502994011976 0.32934131736526934 0.08532934131736532
5 0.47455089820359286 0.5703592814371257 0.3592814371257485 0.07185628742514971
1 0.6714071856287425 0.6444610778443115 0.17514970059880242 0.06736526946107788
3 0.5179640718562875 0.6908682634730539 0.08682634730538923 0.07035928143712568
6 0.8809880239520959 0.6976047904191617 0.14221556886227532 0.0658682634730539
7 0.47455089820359275 0.812125748502994 0.35029940119760483 0.06137724550898213
8 0.7971556886227544 0.8690119760479043 0.23502994011976056 0.07335329341317362
8 0.530688622754491 0.9281437125748502 0.46556886227544914 0.05688622754491021
2 0.2305389221556886 0.8937125748502994 0.125748502994012 0.035928143712575036
0 0.5067365269461078 0.5052395209580838 0.9865269461077844 0.9775449101796405
