4 0.5755988023952097 0.44610778443113774 0.3517964071856287 0.08383233532934127
5 0.406437125748503 0.5823353293413173 0.25299401197604793 0.07485029940119758
1 0.6736526825855611 0.6504491017964072 0.1796407185628742 0.07335329341317369
3 0.5172155688622755 0.7073353293413175 0.08532934131736525 0.06437125748502993
6 0.8824850119022938 0.7050898436123049 0.13622754491017972 0.08083832335329319
7 0.5651197574727376 0.8330838672148647 0.5583832335329341 0.061377245508981985
8 0.8113772455089819 0.8944610894708229 0.2485029940119757 0.058383070761769316
8 0.526197604790419 0.9550898377990487 0.471556886227545 0.06586811232840212
2 0.2133233532934132 0.9139221556886228 0.13323353293413173 0.05838323353293418
0 0.500748502994012 0.500748502994012 0.9985029940119761 0.9985029940119761
