4 0.5748502994011976 0.4453592814371257 0.35329341317365276 0.08532934131736525
5 0.468562874251497 0.5688622754491018 0.3622754491017964 0.06586826347305397
1 0.6818862275449102 0.627994011976048 0.19311377245508993 0.05538922155688624
3 0.5202095748257146 0.6893712691115417 0.07335329341317369 0.07035928143712568
6 0.8899700688991524 0.6721556886227544 0.14820359281437134 0.06886227544910184
7 0.5604445948180455 0.8184073715609219 0.5269461077844307 0.052395209580838535
8 0.7694932845361377 0.8566411234302578 0.1706586826347304 0.0568862275449102
8 0.6124106866951258 0.925354825191577 0.6242514970059875 0.05089820359281452
2 0.23577845664214186 0.9026946340314669 0.136227529878658 0.04790414511072009
0 0.500748502994012 0.5044910179640718 0.9985029940119761 0.9910179640718563
