4 0.5808383233532934 0.43188622754491024 0.3383233532934132 0.09131736526946106
5 0.5381736526946108 0.5576347305389221 0.4655688622754491 0.07035928143712575
1 0.6886227544910178 0.6309880239520959 0.18562874251497008 0.058383233532934044
3 0.5209580838323353 0.6833832335329342 0.08383233532934127 0.07035928143712582
6 0.8922155688622755 0.6796407185628742 0.13772455089820354 0.08682634730538914
7 0.594311377245509 0.8053892215568862 0.5778443113772456 0.06886227544910184
8 0.7552395209580838 0.8697604790419162 0.13323353293413162 0.05688622754491007
8 0.5988023952095809 0.934880239520958 0.5688622754491018 0.07634730538922156
2 0.24026946107784433 0.8959580838323353 0.1362275449101796 0.06137724550898213
0 0.50374251497006 0.500748502994012 0.9925149700598803 0.9925149700598801
