4 0.5755988023952096 0.4453592814371257 0.36676646706586824 0.08532934131736525
5 0.5074850299401198 0.5778443113772456 0.44610778443113774 0.08083832335329333
1 0.6691616766467067 0.655688622754491 0.17664670658682638 0.0658682634730539
3 0.5089820359281437 0.7058383233532933 0.0898203592814371 0.07335329341317362
6 0.8982035928143712 0.7058383233532933 0.14970059880239517 0.0823353293413173
7 0.5104790419161677 0.8390718562874252 0.4341317365269461 0.058383233532934044
8 0.8278443113772456 0.9086826347305389 0.29341317365269476 0.0658682634730539
8 0.5531437155811547 0.9655688971549846 0.5164670718808723 0.06586833323212454
2 0.21332335329341315 0.9303892215568862 0.1302395209580838 0.04940119760479036
0 0.5014970059880239 0.5 0.997005988023952 1.0
