4 0.5800898203592815 0.45209580838323354 0.3278443113772454 0.09580838323353291
5 0.47604790419161674 0.5748502994011977 0.3502994011976048 0.07485029940119758
1 0.6669161676646707 0.6459580838323353 0.1691616766467066 0.05538922155688624
3 0.5127245599171166 0.6976048485517202 0.0793413173652695 0.07185628742514964
6 0.8794910179640718 0.6968563455577084 0.14221556886227532 0.08832335329341305
7 0.5291916167664671 0.812125748502994 0.4745508982035929 0.05538922155688624
8 0.7971556886227544 0.872754491017964 0.23502994011976056 0.05089820359281433
8 0.6130239520958084 0.9311377245508982 0.627245508982036 0.06287425149700596
2 0.23053893418090596 0.8982036276939064 0.13173652694610782 0.04790419161676638
0 0.5022455089820359 0.49476047904191617 0.9775449101796407 0.9805389221556886
