4 0.5658682634730539 0.4393712574850299 0.35029940119760483 0.08832335329341319
5 0.4498502994011976 0.5703592814371258 0.33383233532934126 0.07485029940119758
1 0.6766467065868264 0.6377245508982036 0.19161676646706582 0.06586826347305383
3 0.5142215568862275 0.6916167664670658 0.08532934131736518 0.08083832335329333
6 0.8892215568862275 0.6946107784431138 0.1407185628742515 0.08982035928143717
7 0.5434131736526946 0.8173652694610779 0.5209580838323353 0.0658682634730539
8 0.7791916167664671 0.8802395209580838 0.190119760479042 0.06886227544910184
8 0.5950598802395209 0.9461077844311377 0.6182634730538922 0.07784431137724568
2 0.2200598832458253 0.9019461310374546 0.14970059880239522 0.05838323353293418
0 0.5022455089820359 0.5022455089820359 0.9955089820359281 0.9955089820359281
