4 0.559880239520958 0.500748502994012 0.21856287425149695 0.046407185628742485
5 0.5067365269461078 0.5726047904191617 0.25598802395209574 0.03742514970059887
1 0.62874251497006 0.6077844311377245 0.11976047904191617 0.03592814371257482
3 0.5224550898203593 0.6399700598802395 0.05089820359281447 0.03443113772455078
6 0.7672155688622755 0.6384730538922155 0.09730538922155688 0.040419161676646664
7 0.5291916167664671 0.7088323353293413 0.2979041916167665 0.03443113772455092
8 0.6923652694610779 0.7432634730538922 0.11526946107784433 0.03443113772455092
8 0.5538922155688624 0.7761976047904193 0.34131736526946116 0.03742514970059872
2 0.3383233532934132 0.7589820359281438 0.08682634730538923 0.03592814371257489
0 0.5179640718562875 0.5374251497005987 0.6736526946107785 0.5508982035928143
