4 0.5733532934131736 0.4498502994011976 0.3353293413173653 0.08532934131736532
5 0.44461077844311375 0.5696107784431138 0.30538922155688625 0.07934131736526936
1 0.6549401197604791 0.6384730538922154 0.1691616766467066 0.05838323353293411
3 0.5149700598802396 0.6893712574850299 0.08682634730538923 0.07335329341317362
6 0.8697604790419162 0.6946107784431138 0.14970059880239517 0.07185628742514978
7 0.5082335329341316 0.7994011976047904 0.42664670658682624 0.06287425149700596
8 0.7140718562874252 0.8675149700598803 0.07784431137724553 0.061377245508981985
8 0.5134730538922156 0.9176646706586825 0.40119760479041927 0.07485029940119758
2 0.24101795505294327 0.89446113597687 0.12574850299401194 0.0523952095808383
0 0.5052395420022142 0.49550898784918374 0.962574808211141 0.961077832684865
