4 0.5793413173652695 0.45284431137724546 0.34431137724550903 0.08832335329341319
5 0.47904191616766467 0.5711077844311377 0.3652694610778444 0.07035928143712575
1 0.6684131736526946 0.6399700598802395 0.1631736526946108 0.0553892215568861
3 0.5187125748502994 0.6908682634730539 0.08832335329341312 0.07335329341317362
6 0.8802395269706923 0.6946108365756722 0.15269461077844326 0.08083832335329348
7 0.43787425149700604 0.8113772455089822 0.2859281437125749 0.05688622754491021
8 0.812874251497006 0.872005988023952 0.2634730538922156 0.07035928143712568
8 0.47679640718562877 0.9266467065868264 0.34880239520958084 0.05988023952095815
2 0.2312874251497006 0.8967065868263472 0.12724550898203596 0.04491017964071844
0 0.5014970059880239 0.5 0.997005988023952 0.9880239520958084
