4 0.562874251497006 0.4498502994011976 0.32335329341317376 0.08832335329341319
5 0.468562874251497 0.5755988023952097 0.3473053892215569 0.07035928143712575
1 0.6616766467065868 0.6339820359281437 0.17365269461077845 0.05838323353293411
3 0.5089820359281437 0.6863772455089822 0.0808383233532934 0.06736526946107788
6 0.8607784431137725 0.6886227544910178 0.1407185628742515 0.07485029940119758
7 0.4797904191616766 0.8031437125748502 0.3607784431137725 0.06437125748502993
8 0.7859281437125748 0.8607784431137725 0.23053892215568866 0.06886227544910184
8 0.5097305389221557 0.9176646706586825 0.43862275449101795 0.0628742514970061
2 0.17964071856287425 0.9326347305389221 0.18862275449101798 0.038922155688622694
0 0.5007485150192292 0.5044910354038393 0.9595808142729187 0.9491017615276501
