4 0.5486526946107785 0.47829341317365265 0.22604790419161688 0.04940119760479043
5 0.5202095808383232 0.5538922155688623 0.29790419161676646 0.041916167664670635
1 0.6160179640718563 0.592814371257485 0.12724550898203588 0.03892215568862284
3 0.5082335269215231 0.630239555837619 0.05239520958083837 0.04790419161676638
6 0.7537425149700598 0.625748502994012 0.10029940119760468 0.05089820359281433
7 0.5119760479041916 0.7005988023952097 0.2844311377245509 0.03592814371257475
8 0.6863772455089822 0.7320359281437127 0.12724550898203588 0.03892215568862284
8 0.5501497005988024 0.7679640718562873 0.3577844311377246 0.04491017964071844
2 0.32859281437125754 0.75 0.08832335329341319 0.032934131736527095
0 0.5074850299401198 0.5082335329341318 0.6796407185628743 0.5883233532934132
