4 0.5778443113772455 0.4528443113772455 0.3323353293413173 0.08532934131736525
5 0.4423652694610778 0.5741017964071856 0.31287425149700593 0.07035928143712568
1 0.6676646706586825 0.6437125748502994 0.16467065868263475 0.05688622754491028
3 0.5164670658682635 0.6901197604790419 0.08682634730538923 0.0658682634730539
6 0.8832335329341318 0.6953592814371258 0.14670658682634724 0.0793413173652695
7 0.46556886227544914 0.812874251497006 0.3293413173652695 0.05988023952095815
8 0.7971556886227547 0.8682634730538922 0.22904191616766467 0.07485029940119758
8 0.6212574850299402 0.9281437125748502 0.6437125748502995 0.0628742514970061
2 0.2312874251497006 0.8944610778443114 0.12724550898203596 0.0523952095808383
0 0.5052395209580838 0.5052395209580838 0.9805389221556886 0.9895209580838323
