4 0.5538922155688624 0.44685628742514966 0.34131736526946116 0.08832335329341312
5 0.45808383233532934 0.5583832335329342 0.3622754491017964 0.08383233532934127
1 0.6601796407185628 0.6279940119760478 0.18263473053892212 0.05838323353293411
3 0.5014970059880239 0.6773952095808383 0.09281437125748511 0.06736526946107774
6 0.872754491017964 0.6856287425149701 0.15269461077844326 0.08083832335329333
7 0.4962574850299404 0.7904192023694376 0.44760479041916185 0.0598801581353759
8 0.7724550898203595 0.8540418987278968 0.21257485029940112 0.06437122260549477
8 0.49622528494562274 0.8977011171941239 0.4505987903699918 0.05988006512328084
2 0.19985029940119758 0.8615269461077844 0.13323353293413173 0.0523952095808383
0 0.4999999999999997 0.5029940468555834 0.9999999999999994 0.9491016801420687
