4 0.5890718532811209 0.4363772106294468 0.2559880239520958 0.07035928143712575
5 0.530688622754491 0.5269461077844311 0.2919161676646707 0.05688622754491014
1 0.6684131736526946 0.5741017964071856 0.13023952095808375 0.04341317365269461
3 0.5501497005988024 0.6070359281437125 0.07335329341317369 0.06437125748502993
6 0.81811377245509 0.6122754491017964 0.11227544910179646 0.06287425149700596
7 0.6077844251251158 0.6863772222559587 0.45508982035928125 0.0553892215568861
8 0.7455089820359282 0.7350299401197605 0.15868263473053887 0.05688622754491021
8 0.619011976047904 0.7694609673924497 0.4895209580838322 0.047903970713043184
2 0.33383233532934137 0.7387724550898205 0.09880239520958085 0.046407185628742555
0 0.5351796452280188 0.4730539387216157 0.747005979005038 0.7005987093831155
