4 0.563622754491018 0.4356287425149701 0.36077844311377233 0.0898203592814371
5 0.4715568862275448 0.5598802395209581 0.3772455089820359 0.07485029940119758
1 0.6736526946107785 0.6369760479041916 0.18263473053892207 0.0673652694610778
3 0.5029940179886565 0.6968563223046849 0.09880239520958085 0.07035928143712582
6 0.8809880239520959 0.6788922155688624 0.1541916167664671 0.09131736526946113
7 0.49625749104254885 0.821107807684161 0.4266466945616092 0.06137719900293477
8 0.8038922155688621 0.886976030464424 0.25449101796407164 0.05838310564130518
8 0.59730539824047 0.9461077262985789 0.6167664490280428 0.06586814720793661
2 0.21856287425149698 0.9116766467065868 0.1377245508982036 0.0658682634730539
0 0.5030031032904894 0.5014970059880239 0.9880421347246913 0.997005988023952
