4 0.5748502994011976 0.4498502994011976 0.3383233532934131 0.08832335329341319
5 0.48727544910179643 0.5703592814371258 0.37874251497005995 0.06886227544910184
1 0.6706586826347305 0.6429641067358227 0.1616766467065868 0.0523952095808383
3 0.5194610778443114 0.6931137724550898 0.0898203592814371 0.0658682634730539
6 0.8824850299401197 0.6946107784431138 0.1482035928143712 0.07485029940119758
7 0.42814371257485034 0.8091317365269461 0.26646706586826346 0.058383233532934044
8 0.7956586826347305 0.8690119760479041 0.22904191616766467 0.06736526946107788
8 0.5531437125748503 0.928892267888165 0.49850299401197595 0.06137714087037607
2 0.2312874251497006 0.8982036276939066 0.12425149700598802 0.05688622754491036
0 0.5014970120006326 0.500748502994012 0.9880239400705909 0.9805389221556885
0 0.0074850299401197605 0.009730538922155689 0.011976047904191617 0.0074850299401197605
