4 0.5890718562874252 0.4393712574850299 0.35479041916167675 0.07335329341317362
5 0.5134730538922156 0.5486526946107785 0.42514970059880236 0.05538922155688617
1 0.6833832335329342 0.5995508982035928 0.1931137724550898 0.05239520958083837
3 0.5187125748502994 0.654191616766467 0.0673652694610778 0.07185628742514964
6 0.8982035928143712 0.6422155688622755 0.14970059880239517 0.06586826347305397
7 0.5770958083832337 0.755988012325584 0.5494011976047907 0.053892238821885916
8 0.750748502994012 0.8031437125748502 0.10329341317365262 0.04940119760479021
8 0.5553892215568861 0.8592814603787722 0.5029940119760477 0.059880286027005
2 0.23278443113772454 0.8480538922155688 0.1362275449101797 0.05239520958083844
0 0.5037425149700597 0.4812873495773744 0.9925149700598799 0.8577845822823774
