4 0.5553892215568862 0.42889221556886226 0.27245508982035926 0.06437125748503
5 0.45808383233532934 0.5172155688622755 0.2425149700598803 0.06736526946107788
1 0.6309880239520957 0.5748502994011976 0.13922155688622745 0.044910179640718584
3 0.5044910179640718 0.6055389221556886 0.07784431137724553 0.0523952095808383
6 0.8068862275449102 0.6212574850299402 0.13473053892215575 0.06586826347305397
7 0.5583832335329341 0.6916167664670658 0.45508982035928125 0.05688622754491021
8 0.7073353293413175 0.747754491017964 0.14221556886227554 0.04341317365269461
8 0.5658682499446842 0.7851796639715859 0.4730538651588296 0.0523950933157213
2 0.27470059880239517 0.7447604790419162 0.10928143712574848 0.040419161676646526
0 0.5007485029940119 0.47455094470963977 0.8068862275449098 0.7245506656733582
