4 0.5381736526946108 0.4850299401197604 0.27694610778443113 0.07784431137724546
5 0.4416167664670659 0.5875748502994012 0.2544910179640719 0.06736526946107788
1 0.6212574850299402 0.655688622754491 0.15568862275449105 0.05089820359281425
3 0.49550897301701513 0.6916168245996246 0.07485029940119765 0.06287425149700596
6 0.8031437215937632 0.710329399449924 0.13023952095808397 0.06437125748503007
7 0.49304764326941386 0.7803345129998999 0.3697604790419157 0.05838860121948893
8 0.6863772455089819 0.8562874251497006 0.12125748502994008 0.05688622754491036
8 0.4926440259733455 0.8925391356811173 0.3607784431137726 0.05232323130770426
2 0.2522455089820359 0.8473053892215568 0.11227544910179638 0.05089820359281447
0 0.4872754340702739 0.544161653393683 0.8308383534163348 0.8488023487035342
