4 0.5613772455089819 0.45958083832335334 0.32934131736526945 0.08383233532934135
5 0.5127245508982036 0.5785928143712574 0.4356287425149701 0.06736526946107795
1 0.6526946107784432 0.6459580838323353 0.16467065868263484 0.061377245508982055
3 0.5104790419161677 0.6931137724550898 0.08383233532934127 0.07185628742514978
6 0.8577844311377245 0.687874251497006 0.1497005988023953 0.07335329341317376
7 0.5853293413173652 0.8068862275449102 0.5658682634730539 0.059880239520958015
8 0.7874251497005988 0.8615269461077844 0.2514970059880238 0.058383233532934044
8 0.6077844311377245 0.9229041916167665 0.6047904191616766 0.06437125748502993
2 0.24026946107784433 0.8929640718562873 0.13023952095808386 0.05538922155688624
0 0.4940119760479042 0.5 0.9491017964071857 0.9610778443113773
