4 0.5741017964071857 0.4550898203592814 0.33383233532934137 0.08682634730538923
5 0.5389221556886228 0.5785928143712574 0.46706586826347307 0.06736526946107795
1 0.6541916182696192 0.6369760711572152 0.15868263773684282 0.05838328003898079
3 0.5134730538922156 0.6976047904191617 0.0838323353293412 0.0658682634730539
6 0.8622754491017963 0.6946107784431138 0.13772455089820354 0.07784431137724539
7 0.6452095808383234 0.7589820359281438 0.1467065868263473 0.0688622754491017
8 0.780688622754491 0.8652694610778443 0.22305389221556893 0.07185628742514964
8 0.5711077844311377 0.9273952095808383 0.5404191616766467 0.06137724550898213
2 0.1616766467065868 0.9476047904191617 0.14970059880239522 0.044910179640718584
0 0.5014970059880239 0.500748502994012 0.9520958083832335 0.9595808383233533
