4 0.5800898203592815 0.4491017964071856 0.33383233532934126 0.08383233532934127
5 0.47829341317365276 0.5778443113772456 0.35179640718562877 0.07185628742514971
1 0.6729041916167665 0.6369760479041916 0.17814371257485034 0.05538922155688631
3 0.5142215568862275 0.690119760479042 0.07035928143712575 0.07185628742514964
6 0.8802395209580838 0.6938622754491018 0.14071856287425136 0.07934131736526936
7 0.4723053892215569 0.8091317365269461 0.3488023952095808 0.0523952095808383
8 0.7956586826347305 0.8652694610778443 0.23802395209580837 0.0688622754491017
8 0.5733532934131736 0.9206586826347305 0.5479041916167665 0.07784431137724553
2 0.22979041916167667 0.8982035928143713 0.12724550898203593 0.05688622754491021
0 0.500748502994012 0.5 0.9865269461077844 0.9760479041916167
