4 0.5673652694610779 0.46107784431137716 0.3353293413173653 0.08383233532934135
5 0.48053892215568866 0.5830838323353293 0.3682634730538922 0.06437125748502993
1 0.6639221556886227 0.6534431137724552 0.17514970059880247 0.05838323353293426
3 0.5179640718562875 0.6976047904191617 0.08083832335329348 0.06287425149700596
6 0.8615269461077844 0.6983532934131736 0.13622754491017958 0.07634730538922156
7 0.4550898143466728 0.8113772338824703 0.31137724550898205 0.05389221556886241
8 0.7664670658682635 0.8675149700598803 0.1946107784431139 0.06437125748502993
8 0.5965568922401536 0.9311377478039217 0.5733532934131736 0.05988023952095815
2 0.24925151203750964 0.9116766815861219 0.12724550898203596 0.05389221556886226
0 0.4992514970059881 0.5052395209580838 0.9386227544910181 0.9595808383233533
