4 0.5718562874251496 0.4550898203592814 0.32934131736526945 0.0898203592814371
5 0.437874251497006 0.5785928143712574 0.26497005988023953 0.07934131736526943
1 0.6631736376630891 0.6452095692118115 0.16766467065868254 0.06586826347305383
3 0.5127245508982036 0.6908682634730539 0.07934131736526943 0.06437125748502993
6 0.8667664670658682 0.6916167664670658 0.14071856287425163 0.07185628742514964
7 0.562125748502994 0.8091317365269461 0.5284431137724551 0.061377245508981985
8 0.7238023952095809 0.8675149700598803 0.09730538922155688 0.046407185628742555
8 0.5681137724550898 0.9184131736526946 0.5164670658682635 0.07634730538922156
2 0.24775449101796407 0.9079341317365269 0.13023952095808383 0.05538922155688624
0 0.5007485195286859 0.5000000116265118 0.9505987693258624 0.9670658450104497
