4 0.5673652694610778 0.4401197604790419 0.3383233532934132 0.08682634730538923
5 0.46482035928143717 0.5696107784431138 0.32784431137724546 0.061377245508982055
1 0.6721556886227544 0.6324850299401198 0.1886227544910181 0.06437125748502993
3 0.5112275629480052 0.6893712923645654 0.07335325733752224 0.06137729201502888
6 0.8764970059880238 0.6833832335329342 0.13922155688622767 0.07335329341317376
7 0.531437125748503 0.8128742282439823 0.43413173652694603 0.05389216906281574
8 0.7859281437125749 0.8697604790419162 0.20658682634730524 0.05089820359281447
8 0.5187125868755167 0.9281437474543855 0.42365269461077854 0.06287425149700596
2 0.24026946107784433 0.8937125748502994 0.12425149700598805 0.05688622754491036
0 0.5052395209580838 0.5067365269461077 0.9476047904191617 0.9715568862275448
