4 0.5711077844311377 0.44311377245508976 0.23502994011976056 0.0508982035928144
5 0.5037425149700598 0.5254491017964072 0.23203592814371254 0.03592814371257482
1 0.6362275449101796 0.562125748502994 0.12275449101796411 0.03742514970059887
3 0.5336826347305389 0.5995508982035928 0.05838323353293418 0.04341317365269468
6 0.7889221556886227 0.6010479041916167 0.1017964071856288 0.05538922155688624
7 0.5591317365269461 0.6729041916167665 0.3398203592814371 0.04041916167664681
8 0.7133233532934132 0.7103293413173652 0.13622754491017958 0.04341317365269447
8 0.5591317365269461 0.747005988023952 0.3398203592814371 0.03892215568862284
2 0.3405688622754491 0.7245508982035929 0.08832335329341316 0.041916167664670635
0 0.5374251497005986 0.48128739027016537 0.679640718562874 0.6332336026932021
