4 0.5576347305389221 0.48952095808383234 0.2529940119760479 0.05688622754491014
5 0.4887724550898204 0.5755988023952097 0.2739520958083832 0.05239520958083837
1 0.6302395209580838 0.6160179640718563 0.1317365269461078 0.046407185628742485
3 0.5127245539045078 0.6609281785921103 0.06736525142325218 0.04940117435176697
6 0.7911676556517456 0.6549401197604791 0.12724550898203602 0.04940119760479028
7 0.5748502994011976 0.7410179640718563 0.4431137724550897 0.041916167664670635
8 0.690119760479042 0.780688622754491 0.1017964071856288 0.040419161676646664
8 0.5853293413173652 0.8233532934131736 0.46407185628742503 0.04790419161676638
2 0.29790417959154925 0.8098802511474701 0.10179641921084602 0.0449102028937415
0 0.5014970059880239 0.5344311377245509 0.7634730538922156 0.6706586826347305
