4 0.5778443113772456 0.4528443113772455 0.3473053892215569 0.08532934131736525
5 0.4827844311377245 0.5718562874251496 0.3847305389221557 0.07185628742514971
1 0.6729041916167665 0.6437125748502994 0.16616766467065872 0.0658682634730539
3 0.5172155688622755 0.6916167664670658 0.08832335329341319 0.06586826347305404
6 0.8794910119514632 0.6946108016961372 0.14520958083832325 0.07485029940119758
7 0.5583832440549993 0.8128742921897962 0.5149700388361093 0.06287417011142342
8 0.8016467065868264 0.8690119760479041 0.24401197604790426 0.06736526946107788
8 0.6055389221556886 0.9266467065868264 0.6092814371257484 0.07485029940119774
2 0.23278444015663755 0.8959581070853588 0.12724550898203593 0.0523952095808383
0 0.5022455089820359 0.5044910179640718 0.9955089820359281 0.9850299401197604
