4 0.5763473053892215 0.4550898203592814 0.33532934131736525 0.0898203592814371
5 0.4820359281437126 0.5778443113772456 0.3622754491017964 0.07185628742514971
1 0.6691616766467067 0.6452095808383234 0.1796407185628742 0.05688622754491021
3 0.5224551138707938 0.7058384279918991 0.07485029940119765 0.06736526946107788
6 0.8660179640718563 0.69311377245509 0.14520958083832342 0.07485029940119758
7 0.5718563024566714 0.8158682634730539 0.5239520958083833 0.05688622754491007
8 0.7956586826347305 0.8690119411683689 0.25299401197604804 0.058383163773863614
8 0.5688622754491018 0.9281437125748502 0.5209580838323354 0.0628742514970061
2 0.24625748502994013 0.8989520958083833 0.13323353293413173 0.061377245508981985
0 0.49925149700598803 0.5037425149700598 0.9535928143712574 0.965568862275449
