4 0.5643712574850299 0.4453592814371257 0.3383233532934131 0.08832335329341319
5 0.45883233532934126 0.5778443113772456 0.33682634730538913 0.07784431137724546
1 0.6654191616766467 0.6414670658682635 0.16616766467065866 0.06137724550898213
3 0.5059880239520957 0.6908682634730539 0.07784431137724546 0.07035928143712568
6 0.8652694610778443 0.6953592814371257 0.14371257485029942 0.07035928143712582
7 0.5029940119760478 0.815119760479042 0.44011976047904183 0.061377245508981985
8 0.7881736526946108 0.8787425149700598 0.23802395209580837 0.05688622754491007
8 0.5037425149700598 0.9326347305389221 0.4266467065868263 0.0658682634730539
2 0.22604790118531248 0.9079341433630387 0.12574850299401202 0.04640718562874241
0 0.49251497005988015 0.4977544910179641 0.9790419161676646 0.9955089820359282
