4 0.5763473053892215 0.4333832335329341 0.3892215568862275 0.09131736526946113
5 0.373502994011976 0.5696107784431138 0.23502994011976042 0.07035928143712582
1 0.6676646706586827 0.6354790419161677 0.20059880239520972 0.07335329341317383
3 0.5067365329587163 0.7140719376730073 0.0823353293413173 0.08083832335329333
6 0.9116766467065868 0.7095808383233532 0.16167664670658666 0.08083832335329348
7 0.5164670658682634 0.8368263473053892 0.5179640718562873 0.07185628742514978
8 0.8053892215568862 0.908682634730539 0.2335329341317366 0.06886227544910184
8 0.5261976047904191 0.9640718562874252 0.5014970059880239 0.06287425149700596
2 0.20134730538922155 0.9281437125748502 0.1452095808383234 0.05988023952095815
0 0.5 0.500748502994012 1.0 0.9985029940119761
