4 0.5568862275449102 0.4565868263473054 0.3353293413173653 0.08083832335329333
5 0.42440119760479045 0.5853293413173652 0.279940119760479 0.07784431137724553
1 0.6571856287425148 0.6497005988023952 0.1706586826347304 0.06586826347305404
3 0.5044910179640718 0.7013473053892215 0.09580838323353291 0.07335329341317362
6 0.8660179640718562 0.7035928143712574 0.1482035928143712 0.06886227544910184
7 0.38248502994011974 0.8211077844311377 0.18113772455089822 0.05838323353293418
8 0.7836826347305389 0.877245508982036 0.23203592814371263 0.06886227544910184
8 0.5920658682634731 0.9438622754491018 0.6032934131736527 0.06137724550898213
2 0.22380239671273292 0.9146706935621698 0.13323352992782708 0.04191609790559971
0 0.49550898353908046 0.5022455147952916 0.9880239490895043 0.9805389105291765
