4 0.5875748502994012 0.4416167664670658 0.36377245508982037 0.0898203592814371
5 0.4985029940119761 0.5770958083832336 0.410179640718563 0.07035928143712582
1 0.6699101796407185 0.6392215568862275 0.19011976047904183 0.05688622754491007
3 0.5209580838323353 0.6976047904191617 0.08083832335329348 0.0718562874251495
6 0.8832335329341316 0.6923652694610779 0.1556886227544909 0.07634730538922156
7 0.5860778443113773 0.8226047904191617 0.5913173652694611 0.07035928143712568
8 0.812874251497006 0.874251497005988 0.2664670658682635 0.0688622754491017
8 0.5995508982035928 0.9408682634730539 0.5973053892215568 0.06736526946107801
2 0.2267964071856287 0.9214071856287425 0.13323353293413173 0.061377245508981985
0 0.50374251497006 0.5022455089820359 0.9925149700598803 0.9955089820359281
