4 0.5696107784431138 0.4513473053892216 0.33682634730538924 0.08532934131736532
5 0.4348802395209581 0.5778443113772456 0.27095808383233533 0.06886227544910184
1 0.6586826347305389 0.6429640718562873 0.16766467065868254 0.05538922155688617
3 0.502994011976048 0.6923652694610777 0.07485029940119765 0.07035928143712582
6 0.8637724701213421 0.6961078193106728 0.14970059880239517 0.08083832335329333
7 0.5344311437371595 0.812125783382529 0.46706586826347296 0.06137724550898185
8 0.7432634730538922 0.8645209580838323 0.16317365269461065 0.06437125748502978
8 0.5389221556886228 0.9229041916167665 0.470059880239521 0.06437125748502993
2 0.2365269461077844 0.8862275449101797 0.12574850299401194 0.05089820359281447
0 0.5022455164977968 0.5022455438615713 0.9565868113157837 0.9535927446121871
