4 0.5666167664670659 0.4438622754491018 0.34880239520958084 0.09131736526946113
5 0.49476047904191617 0.5755988023952097 0.4176646706586827 0.07335329341317369
1 0.659431137724551 0.6467065868263474 0.1781437125748503 0.06287425149700603
3 0.5059880239520957 0.7020958083832335 0.0808383233532934 0.06886227544910184
6 0.8712574850299402 0.7028443113772456 0.1407185628742515 0.07335329341317362
7 0.5508982035928143 0.8196107784431138 0.5299401197604791 0.06736526946107801
8 0.7178143712574852 0.8884730538922156 0.09131736526946099 0.058383233532934044
8 0.5329341317365268 0.945359316316661 0.4910179640718562 0.06736519970200727
2 0.21706586676032089 0.9139221556886227 0.12275449402426838 0.0523952095808383
0 0.49850299401197595 0.500748502994012 0.9910179640718562 0.9925149700598801
