4 0.58158685039774 0.4483532934131736 0.3757485029940121 0.094311377245509
5 0.5366766647444128 0.5845808615763768 0.5044910179640718 0.08233532934131738
1 0.6699101796407185 0.654191616766467 0.1781437125748502 0.05389221556886227
3 0.5067365179271949 0.7200599151190563 0.07634730538922133 0.06886225219607826
6 0.8974550958329676 0.7200599499985916 0.1541916167664671 0.07784431137724539
7 0.49176646706586835 0.840568862275449 0.4236526946107786 0.061377245508981985
8 0.8248502994011976 0.908682634730539 0.2694610778443115 0.06886227544910184
8 0.6017964071856288 0.9678144119502758 0.6317365269461077 0.055389140171303704
2 0.2125748502994012 0.9326347305389223 0.13473053892215567 0.0628742514970061
0 0.5 0.5 1.0 1.0
