4 0.6100299401197605 0.40793413173652693 0.3368263473053893 0.07035928143712568
5 0.47455090120989707 0.5389220801162964 0.2664670658682634 0.06586834485863602
1 0.7050898203592815 0.5995508982035929 0.17664670658682638 0.061377245508982055
3 0.5486526946107785 0.656437125748503 0.06736526946107788 0.07035928143712568
6 0.9094311467434639 0.6422155572357636 0.1482035928143712 0.07185628742514964
7 0.5846559078096393 0.7771375163469297 0.4670658682634712 0.05239522120735143
8 0.8008982035928145 0.8218562874251498 0.1676646706586827 0.05988023952095815
8 0.5939265679113656 0.8858374483412355 0.47904191616766467 0.05838323353293409
2 0.28742514970059885 0.8585329341317365 0.12874251497005992 0.06137724550898213
0 0.5224550898203593 0.47455089820359286 0.9550898203592815 0.9461077844311377
