4 0.5643712574850299 0.4782934131736527 0.2754491017964071 0.07335329341317362
5 0.5142215568862275 0.5696107784431138 0.33383233532934126 0.0523952095808383
1 0.6444610778443115 0.6152694610778443 0.15119760479041916 0.041916167664670635
3 0.5127245508982036 0.6526946107784432 0.05838323353293411 0.05688622754491014
6 0.8023952185997513 0.656437125748503 0.10179640718562878 0.05838323353293418
7 0.4094311377245509 0.7350299401197605 0.13023952095808383 0.041916167664670635
8 0.7327844311377245 0.7732035928143713 0.1841317365269461 0.06437125748502993
8 0.6040419161676642 0.8241018370999769 0.5014970059880237 0.0494011162192082
2 0.3001497005988024 0.7926646706586825 0.10329341317365276 0.05538922155688639
0 0.5149700598802395 0.5269461077844311 0.7874251497005987 0.6826347305389221
