4 0.5681137724550898 0.45059880239520955 0.34281437125748504 0.08383233532934142
5 0.5359281437125749 0.5785928143712574 0.4730538922155689 0.07035928143712575
1 0.6482035928143712 0.6384731003982625 0.1706586826347305 0.05538922155688617
3 0.5089820359281437 0.6938622754491018 0.09281437125748497 0.07035928143712582
6 0.8555389191493843 0.6938623103286369 0.1392215568862275 0.07634730538922156
7 0.6444610778443114 0.752994011976048 0.1482035928143713 0.06886227544910184
8 0.7829341377491356 0.8645210162163912 0.23353293413173645 0.06736526946107788
8 0.5688622754491018 0.9229041916167665 0.5359281437125748 0.06137724550898213
2 0.17065869465994787 0.9416168245996246 0.1347305389221557 0.04491017964071844
0 0.5000000075157608 0.4977545665902906 0.9431137574235681 0.9535927794917227
