4 0.5741017964071857 0.44610778443113774 0.3577844311377246 0.08682634730538923
5 0.4850299401197604 0.5815868263473054 0.39820359281437123 0.07335329341317369
1 0.6803892215568862 0.6526946107784432 0.2050898203592815 0.06586826347305397
3 0.5089820359281437 0.7118263473053892 0.0898203592814371 0.09131736526946113
6 0.8937125688376907 0.7125748502994012 0.1407185628742515 0.0898203592814373
7 0.6107784431137724 0.8383233532934132 0.6586826347305389 0.0658682634730539
8 0.7350299401197605 0.9071856287425151 0.10778443113772468 0.07185628742514978
8 0.5711077844311377 0.968562874251497 0.5703592814371257 0.05389221556886241
2 0.21781437125748504 0.9296407185628743 0.13922155688622753 0.05988023952095815
0 0.5014970059880239 0.500748502994012 0.997005988023952 0.9985029940119761
