4 0.5666167664670659 0.45808383233532934 0.3278443113772455 0.08682634730538923
5 0.4528443113772455 0.5830838323353293 0.3098802395209581 0.06437125748502993
1 0.6534431137724552 0.6414670658682634 0.16317365269461084 0.05538922155688617
3 0.5074850299401198 0.6968562874251498 0.08682634730538923 0.06736526946107788
6 0.8577844311377245 0.690119760479042 0.14371257485029942 0.08083832335329348
7 0.5576347455704437 0.8151198069850889 0.5134730538922154 0.058383233532934044
8 0.7387724550898205 0.8735029940119762 0.15119760479041916 0.06437125748502993
8 0.5591317365269461 0.9303892215568862 0.501497005988024 0.06437125748502993
2 0.23727544910179643 0.8892215568862275 0.12724550898203596 0.059880239520958015
0 0.49999999999999994 0.5059880239520959 0.9461077844311376 0.9670658682634731
