4 0.5359281437125748 0.4940119760479042 0.2634730538922155 0.06287425149700596
5 0.45434131736526945 0.5815868263473054 0.26197604790419166 0.05239520958083837
1 0.6212574850299402 0.6279940119760479 0.1437125748502995 0.040419161676646664
3 0.4977544910179641 0.6624251497005988 0.06437125748503 0.049401197604790496
6 0.7739520958083833 0.6654191616766467 0.11377245508982042 0.061377245508982055
7 0.48203592814371254 0.7417664670658684 0.3143712574850299 0.05239520958083844
8 0.6714071856287425 0.781437125748503 0.10329341317365269 0.044910179640718584
8 0.5329341317365269 0.8233532934131736 0.4011976047904191 0.05389221556886241
2 0.28218563776142797 0.7994012441108375 0.10029940119760482 0.044910179640718584
0 0.48802395209580834 0.5261976047904191 0.778443113772455 0.6841317365269461
