4 0.5643712574850299 0.45808383233532934 0.33233532934131743 0.08383233532934127
5 0.4932634730538922 0.5770958083832336 0.3847305389221557 0.06736526946107788
1 0.6437125748502994 0.6474550898203593 0.1736526946107785 0.05538922155688631
3 0.49625748502994016 0.6946107784431138 0.06437125748502993 0.07185628742514978
6 0.854041919173969 0.6946107784431138 0.1541916167664671 0.06586826347305376
7 0.5568862275449102 0.8113772455089822 0.5239520958083833 0.0628742514970061
8 0.784431137724551 0.8667664670658682 0.2365269461077844 0.06287425149700596
8 0.6137724550898205 0.9296407185628743 0.62874251497006 0.06886227544910184
2 0.23877246711503766 0.8989521423144303 0.13023952095808383 0.0523952095808383
0 0.4940119760479042 0.5052395209580838 0.9550898203592815 0.9565868263473053
