4 0.5269461077844311 0.437874251497006 0.2604790419161676 0.061377245508982055
5 0.406437125748503 0.5254491017964072 0.1841317365269461 0.047904191616766456
1 0.5995508982035928 0.5696107784431138 0.1302395209580839 0.0523952095808383
3 0.48353293413173654 0.6017964071856287 0.06886227544910184 0.0508982035928144
6 0.7619760388852785 0.6040419161676647 0.11377245508982027 0.06437125748502993
7 0.49251497005988015 0.684880239520958 0.35029940119760467 0.04341317365269461
8 0.6706586826347302 0.7252994128241166 0.11676646706586812 0.034431160977574427
8 0.500748502994012 0.7634730538922156 0.36976047904191617 0.05089820359281447
2 0.26272455089820357 0.7402694610778443 0.10628742514970063 0.04940119760479036
0 0.47904191616766467 0.4820359281437126 0.7634730538922156 0.6467065868263474
