4 0.5411676797021802 0.4513473053892216 0.25598802395209597 0.06437125748503
5 0.4341317365269461 0.5351796407185629 0.1976047904191617 0.0523952095808383
1 0.6077844311377245 0.5778443113772456 0.12275449101796404 0.05389221556886227
3 0.49550898203592825 0.6160179640718563 0.06287425149700603 0.04940119760479036
6 0.7679640718562873 0.6077844311377245 0.11377245508982042 0.059880239520958084
7 0.5306886377860125 0.6968563223046849 0.3877245268477691 0.04041913842362337
8 0.7208083832335326 0.7327844602040041 0.20808383233532923 0.04341316202618278
8 0.4827844311377244 0.7747006394951862 0.2889221556886227 0.04341309226711228
2 0.2904191616766467 0.7597305389221557 0.09580838323353294 0.04940119760479036
0 0.4940119880731213 0.4850299284932486 0.7485029940119756 0.6616767397186807
