4 0.5748503129295673 0.44835330503968523 0.33832332022406564 0.08233532934131733
5 0.42440119760479034 0.5726048194854411 0.25299401197604793 0.06736532759363652
1 0.6639221556886227 0.627245508982036 0.17215568862275454 0.06886227544910191
3 0.5164670658682635 0.687874251497006 0.08682634730538923 0.05838323353293418
6 0.8697604790419162 0.6773952095808383 0.13473053892215575 0.07634730538922156
7 0.5890718562874251 0.8046406953098512 0.5913173652694609 0.061377292015029006
8 0.7949101796407185 0.8585329341317365 0.2365269461077844 0.058383233532934044
8 0.6212574850299402 0.9221555781708927 0.6347305389221557 0.06886233358166076
2 0.2282934131736527 0.9019461077844312 0.13023952095808383 0.05239520958083844
0 0.4970059880239521 0.5 0.9760479041916169 0.9790419161676647
