4 0.5471556886227544 0.4573353293413173 0.33083832335329333 0.07634730538922163
5 0.4498502994011976 0.5778443113772456 0.32485029940119764 0.06586826347305397
1 0.6309880239520957 0.6324850299401197 0.1691616766467066 0.046407185628742624
3 0.48802395209580834 0.684880239520958 0.07784431137724561 0.06437125748502993
6 0.8315868263473054 0.6729041916167665 0.14520958083832342 0.07335329341317369
7 0.5529039970949818 0.8003285018692305 0.5239520958083829 0.056886227544910274
8 0.7709580838323353 0.8375748502994012 0.2634730538922156 0.0553892215568861
8 0.5306886227544909 0.8997006336819305 0.4685628742514969 0.05688622754491021
2 0.23428143862890066 0.8742515376987793 0.12125746398580972 0.047904133484207315
0 0.49550895798549327 0.4977543805661021 0.9221556164714503 0.9356289634186923
