4 0.5613772455089819 0.44610778443113774 0.32335329341317354 0.08383233532934127
5 0.5202095808383232 0.5718562874251497 0.4446107784431137 0.06287425149700596
1 0.658682634730539 0.6324850299401197 0.1796407185628742 0.06736526946107795
3 0.49850300904349765 0.6848802511474699 0.047904191616766456 0.058383233532934044
6 0.8622754491017964 0.68937125748503 0.14970059880239517 0.07035928143712582
7 0.5194610718317024 0.8046407185628743 0.42814371257485023 0.058383280038981196
8 0.7821856362582758 0.86077846055354 0.22005989527104258 0.0568862624244457
8 0.6077844311377245 0.9206586826347305 0.6047904191616766 0.06886227544910184
2 0.24176646706586827 0.8839820359281437 0.12724550898203596 0.0523952095808383
0 0.4932634730538922 0.4970059880239521 0.968562874251497 0.9670658682634731
