4 0.5576347305389221 0.4633233532934132 0.31886227544910184 0.08532934131736532
5 0.46631736526946116 0.5808383233532933 0.3338323353293414 0.07784431137724546
1 0.6601796407185628 0.6482036102541389 0.17664670658682638 0.053892250448397426
3 0.5097305329095471 0.7020958548892804 0.07335329341317369 0.07185628742514964
6 0.8585329341317365 0.6998503110277093 0.13323353293413176 0.08233532934131745
7 0.5778443113772452 0.8188623277684046 0.553892215568862 0.05988013488235265
8 0.7717065808137384 0.8832335213076196 0.20808382031011177 0.059880193014910994
8 0.5793413173652694 0.9386227835572973 0.55688622754491 0.05688616941235131
2 0.23952095808383234 0.8967065868263472 0.11976047904191614 0.0628742514970061
0 0.49850299401197595 0.5 0.9461077844311376 0.9730538922155688
