4 0.5711077844311377 0.4476047904191617 0.3727544910179642 0.09281437125748504
5 0.5022455089820359 0.5823353293413174 0.46257485029940115 0.07784431137724553
1 0.6751497005988024 0.654191616766467 0.19760479041916176 0.07185628742514964
3 0.500748502994012 0.7080838323353293 0.09131736526946106 0.0688622754491017
6 0.8937125748502993 0.721556886227545 0.14371257485029942 0.07485029940119758
7 0.5247005988023952 0.8420658682634731 0.5044910179640719 0.05538922155688624
8 0.8211077844311377 0.9101796407185628 0.2679640718562874 0.06886227544910184
8 0.6182634730538923 0.9670658682634732 0.6826347305389223 0.06586826347305376
2 0.21032934131736525 0.9363772455089819 0.1362275449101796 0.05838323353293418
0 0.5014970059880239 0.500748502994012 0.997005988023952 0.9985029940119761
