4 0.5583832335329341 0.4498502994011976 0.32634730538922146 0.07934131736526943
5 0.4461077994626592 0.5778443636965483 0.29041916167664655 0.07485024126863894
1 0.6526946167910518 0.6422155863020431 0.161676658731804 0.056886262424445215
3 0.5074850269338154 0.6976048252986969 0.07485029940119751 0.0658682634730539
6 0.8532934131736528 0.6938622754491018 0.13772455089820368 0.07335329341317376
7 0.5770958174021469 0.8113772803885172 0.5583832335329345 0.056886181038862865
8 0.7754491017964072 0.8667664670658682 0.22754491017964057 0.059880239520958015
8 0.534431137724551 0.9251497005988024 0.45808383233532934 0.08383233532934127
2 0.2350299401197605 0.8914670658682635 0.12574850299401194 0.06137724550898213
0 0.5037425149700598 0.49925149700598803 0.9446107784431138 0.9775449101796407
