4 0.5673652694610778 0.4520958083832335 0.3323353293413173 0.09281437125748504
5 0.4273952095808383 0.5808383233532934 0.2589820359281437 0.06886227544910184
1 0.6601796407185628 0.6422155688622755 0.1616766467065868 0.06586826347305397
3 0.5149700598802395 0.6938622754491018 0.08083832335329333 0.06137724550898213
6 0.8607784431137725 0.687125748502994 0.15269461077844312 0.07485029940119774
7 0.5636227695225395 0.8121257833825297 0.5014970059880238 0.058383233532934044
8 0.7941616766467066 0.8712574850299402 0.25299401197604793 0.05688622754491007
8 0.498502994011976 0.9221556886227544 0.37125748502994016 0.05089820359281447
2 0.2432634730538922 0.8929640718562873 0.12724550898203593 0.05538922155688624
0 0.5022455089820359 0.500748502994012 0.9416167664670658 0.965568862275449
