4 0.5793413173652695 0.4535928143712574 0.3383233532934131 0.08682634730538914
5 0.4633233532934129 0.5770958374495129 0.3428143712574849 0.07335323528061485
1 0.6676646706586825 0.6399700598802395 0.1676646706586827 0.058383233532934044
3 0.5089820449470568 0.6923652694610779 0.04790419161676652 0.05538922155688624
6 0.8787425149700598 0.6916167664670658 0.14371257485029942 0.06287425149700596
7 0.4827844311377245 0.8091317365269461 0.3607784431137725 0.0523952095808383
8 0.8023952095808383 0.8690119760479041 0.2365269461077844 0.06137724550898213
8 0.5516467095931307 0.9244012092313021 0.5104790479287762 0.0553892448099098
2 0.23128742965915708 0.8952096040913468 0.12724551800094908 0.04191621417071785
0 0.5022455180009487 0.5007485262470354 0.9835329160939104 0.9745508516975456
