4 0.5591317365269461 0.45883233532934137 0.3308383233532935 0.08532934131736525
5 0.46257485029940115 0.5823353293413174 0.32934131736526945 0.08383233532934127
1 0.6571856107046892 0.6504491017964071 0.16167661063093497 0.06137724550898205
3 0.5149700658928482 0.704341375497828 0.09281437125748511 0.07335329341317362
6 0.8600299401197605 0.6998502994011977 0.14520958083832342 0.07634730538922142
7 0.5838323353293413 0.8151197197862509 0.5419161676646707 0.06437117609944776
8 0.7754491017964071 0.8817365269461078 0.22155688622754482 0.0658682634730539
8 0.5830838323353293 0.9356287192619466 0.5464071856287427 0.06287408872584219
2 0.24101796407185627 0.9034431137724552 0.125748502994012 0.05838323353293418
0 0.5000000090189128 0.500748502994012 0.9520957903454074 0.9595808383233532
