4 0.5860778443113772 0.4453592814371257 0.26197604790419166 0.06437125748502993
5 0.5052395209580838 0.5381736526946108 0.26796407185628746 0.04940119760479043
1 0.6721556886227544 0.5830838323353293 0.15868263473053892 0.046407185628742485
3 0.5419161676646707 0.6220060694095342 0.05089820359281425 0.06437125748502993
6 0.8330838323353293 0.622005988023952 0.1152694610778444 0.05538922155688617
7 0.5845808383233533 0.7013473053892215 0.4176646706586826 0.046407185628742555
8 0.7559880239520957 0.747005958957673 0.17664670658682638 0.04491012150815952
8 0.6122754491017964 0.7911676646706586 0.47305389221556887 0.0523952095808383
2 0.32709580838323354 0.7627245508982036 0.10928143712574855 0.04640718562874241
0 0.5381736526946108 0.47754491017964074 0.7799401197604792 0.6856287425149701
