4 0.5696107784431138 0.4543413173652695 0.32784431137724546 0.08233532934131738
5 0.5119760479041916 0.5778443113772456 0.41017964071856283 0.059880239520958015
1 0.6616766467065868 0.6422155688622755 0.17365269461077845 0.06886227544910184
3 0.502994011976048 0.6953592814371257 0.0838323353293412 0.06437125748502993
6 0.8570359281437127 0.6946107784431138 0.1392215568862275 0.07784431137724539
7 0.5426646706586827 0.812125748502994 0.471556886227545 0.05239520958083847
8 0.7604790419161677 0.8690119760479041 0.18862275449101787 0.06137724550898213
8 0.5217065868263473 0.9251497005988024 0.4356287425149701 0.059880239520958015
2 0.2432634730538922 0.8967065868263472 0.1212574850299401 0.05688622754491021
0 0.50374251497006 0.5044910179640718 0.9505988023952097 0.9670658682634731
