4 0.5598802395209581 0.5059880239520959 0.26946107784431134 0.06886227544910177
1 0.6294910119514632 0.6422155921152988 0.14520958685093202 0.03892217894164646
5 0.46706586826347307 0.5973053892215568 0.26047904191616766 0.04491017964071851
3 0.5104790419161677 0.6826347305389221 0.07485029940119765 0.05089820359281447
6 0.8001497005988024 0.6803892215568862 0.1182634730538922 0.061377245508981985
7 0.5097305389221557 0.7687125632237877 0.342814371257485 0.04341317365269461
8 0.7050898203592815 0.8136227544910178 0.13473053892215575 0.04341317365269461
8 0.5553892215568862 0.8555389221556886 0.42514970059880247 0.04640718562874241
2 0.2836826347305389 0.8323353293413169 0.10329341918626136 0.03293413173652745
0 0.4992514759618579 0.5486527818096161 0.7859280174477935 0.7080836579376526
