4 0.5531437125748503 0.4401197604790419 0.28293413173652693 0.05688622754491021
5 0.5119760479041917 0.528443113772455 0.36227544910179643 0.0538922155688622
1 0.625748502994012 0.5838323353293413 0.14670658682634738 0.05089820359281425
3 0.4977544910179641 0.6220059880239521 0.05838323353293418 0.061377245508981985
6 0.8046407185628743 0.6175149700598802 0.1152694610778444 0.061377245508981985
7 0.50374251497006 0.7103293413173652 0.3577844311377247 0.04640718562874241
8 0.6803892215568862 0.7537425149700598 0.0823353293413173 0.04341317365269461
8 0.5089820359281437 0.8053892215568862 0.3562874251497006 0.041916167664670635
2 0.2694610778443114 0.783682634730539 0.10479041916167667 0.04341317365269461
0 0.49925151654696676 0.4812874542159799 0.8248502603192427 0.7230538340830102
