4 0.5523952095808383 0.4558383233532934 0.3293413173652695 0.08832335329341319
5 0.4610778443113773 0.5808383233532934 0.3203592814371257 0.06886227544910184
1 0.6504491017964071 0.6452095808383234 0.16616766467065866 0.05688622754491021
3 0.502994011976048 0.6938622754491018 0.07784431137724546 0.07335329341317376
6 0.8495508982035929 0.6886227544910181 0.14520958083832342 0.07185628742514978
7 0.5052395209580838 0.8106287425149701 0.4236526946107784 0.05838323353293418
8 0.7881736526946108 0.874251497005988 0.26197604790419166 0.0688622754491017
8 0.5741017964071857 0.9311377245508982 0.5583832335329342 0.059880239520958015
2 0.2312874251497006 0.8959580838323353 0.12125748502994008 0.06437125748502993
0 0.49251497005988026 0.5014970059880239 0.94311377245509 0.9580838323353293
