4 0.5770958083832336 0.4498502994011976 0.3577844311377247 0.09131736526946106
5 0.5336826347305389 0.590568862275449 0.5224550898203593 0.07335329341317362
1 0.6721556886227544 0.659431137724551 0.19461077844311375 0.06736526946107795
3 0.5082335329341318 0.721556886227545 0.09131736526946106 0.07784431137724539
6 0.8959580838323353 0.7110778443113773 0.15718562874251518 0.08982035928143717
7 0.6609281437125748 0.7851796407185628 0.16616766467065866 0.07634730538922156
8 0.8068862275449102 0.9071856287425148 0.26047904191616766 0.08083832335329348
8 0.5726138817336032 0.9670658682634731 0.5883415359222961 0.0658682634730539
2 0.13099711526653723 0.9782934131736528 0.1661858472995415 0.04341317365269461
0 0.500748502994012 0.500748502994012 0.9985029940119761 0.9985029940119761
