4 0.5726047904191617 0.4498502994011976 0.32485029940119764 0.08832335329341319
5 0.5516467065868264 0.5696107784431138 0.5044910179640719 0.06437125748502993
1 0.6571856227299062 0.6324849950605845 0.16467065868263467 0.0523952095808383
3 0.5074850299401197 0.687125748502994 0.07485029940119758 0.07485029940119774
6 0.8652694610778443 0.6863772455089822 0.14670658682634738 0.0763473053892217
7 0.5164670658682634 0.8008982035928145 0.4101796407185628 0.05988023952095815
8 0.7709580793228789 0.8645209580838317 0.1916167754859791 0.05538922155688622
8 0.5157185628742514 0.9206586826347305 0.4056886227544911 0.06886227544910184
2 0.24251497156303237 0.8884730829584953 0.13173651792719474 0.049401162725255354
0 0.5029940209949614 0.5022455147952918 0.9461077663933126 0.9535928027447459
