4 0.5741017964071857 0.44236526946107785 0.3697604790419161 0.10029940119760482
5 0.470808383233533 0.5815868263473054 0.40269461077844326 0.08532934131736525
1 0.6796407185628742 0.655688622754491 0.19161676646706582 0.0688622754491017
3 0.5149700598802395 0.7110778443113773 0.09880239520958085 0.07485029940119758
6 0.8989520958083833 0.7058383233532933 0.16616766467065858 0.0823353293413173
7 0.5404191616766467 0.8375748502994012 0.5508982035928143 0.07335329341317376
8 0.7904191616766467 0.905688622754491 0.21257485029940112 0.07485029940119774
8 0.5261976047904191 0.9633233532934132 0.468562874251497 0.07035928143712568
2 0.2133233532934132 0.9236526946107785 0.14520958083832336 0.06287425149700596
0 0.5014970059880239 0.5 0.997005988023952 1.0
