4 0.5688622754491018 0.43038922155688625 0.34431137724550903 0.08233532934131738
5 0.46474469800093204 0.5731497739988735 0.3488023952095808 0.0673652694610779
1 0.6601796377122588 0.6160179931381355 0.1766467125994353 0.05538927968944515
3 0.5052395209580838 0.6908683099791009 0.08532934131736532 0.07035928143712582
6 0.8705089820359281 0.6729041916167665 0.14820359281437134 0.07035928143712582
7 0.5319646841001522 0.8097485645803769 0.5059880239520959 0.055389221556886185
8 0.7717243385434179 0.8471264553291433 0.19910180542609843 0.05688625079793383
8 0.5347528583969305 0.9185494157016931 0.5359281437125742 0.058385588841328745
2 0.12949101796407184 0.9535928143712574 0.14820359281437126 0.044910179640718584
0 0.5067365269461078 0.49850299401197595 0.9865269461077844 0.9880239520958082
