4 0.5538922155688623 0.48877245508982037 0.33233532934131743 0.08832335329341319
5 0.46257485029940115 0.6145209580838323 0.3473053892215569 0.06437125748502986
1 0.653443113772455 0.6811377245508982 0.1781437125748502 0.059880239520958015
3 0.500748502994012 0.7350299401197604 0.08233532934131738 0.08083832335329333
6 0.8473053892215568 0.7327844311377245 0.14071856287425136 0.07634730538922156
7 0.5014970059880239 0.8480538922155688 0.41616766467065874 0.07035928143712582
8 0.7761976047904191 0.9026946107784432 0.2380239520958085 0.07485029940119758
8 0.4970059880239521 0.9618263473053892 0.4041916167664671 0.06736526946107788
2 0.22904191616766467 0.9303892215568862 0.11676646706586823 0.05838323353293418
0 0.4895300493982735 0.528443055639896 0.952113991012116 0.9431138887202066
