4 0.5666167664670658 0.4565868263473054 0.3218562874251497 0.08682634730538923
5 0.4251497005988024 0.5808383233532934 0.2425149700598802 0.06886227544910184
1 0.6549401092384137 0.6437125922900668 0.16317367373874067 0.06287428637654138
3 0.5134730538922156 0.6953592814371257 0.0808383233532934 0.07035928143712582
6 0.8585329341317366 0.6961077844311379 0.14820359281437134 0.0688622754491017
7 0.5097305389221557 0.812874251497006 0.408682634730539 0.05988023952095815
8 0.7043413173652695 0.8690119760479041 0.07634730538922142 0.058383233532934044
8 0.5898203592814371 0.9258982035928145 0.5508982035928143 0.06437125748502993
2 0.24476047904191617 0.9071856287425148 0.12425149700598802 0.04790419161676638
0 0.5044910360018978 0.49850299401197573 0.9550897842836297 0.9670658682634725
