4 0.5800898203592815 0.44311377245508976 0.3667664670658683 0.09281437125748504
5 0.47380239520958084 0.5823353293413174 0.3907185628742515 0.0658682634730539
1 0.6721556645723199 0.6504490901698954 0.19161676646706588 0.06437125748503
3 0.5059880329710088 0.7095808615763768 0.07784431137724553 0.0658682634730539
6 0.9064371227421988 0.7148203476549253 0.151197604790419 0.07335329341317376
7 0.5434131736526944 0.8488024184626038 0.5209580838323353 0.06586833323212544
8 0.8353293413173654 0.8974550898203593 0.2784431137724552 0.05838323353293418
8 0.6294910179640718 0.9633233532934132 0.6871257485029939 0.06437125748503007
2 0.21032934131736525 0.9318862275449102 0.1452095808383233 0.06437125748503007
0 0.500748502994012 0.5 0.9985029940119761 1.0
