4 0.5681137724550898 0.4550898203592814 0.3218562874251497 0.08682634730538923
5 0.3779940119760479 0.5748502994011977 0.157185628742515 0.07485029940119758
1 0.6609281437125748 0.6317365269461077 0.17215568862275446 0.07185628742514964
3 0.5134730538922156 0.687874251497006 0.09281437125748504 0.07634730538922156
6 0.8615269461077844 0.6841317365269461 0.1392215568862275 0.0658682634730539
7 0.5576347305389221 0.8038922155688623 0.5134730538922155 0.05688622754491036
8 0.7799401197604792 0.8697604790419162 0.23053892215568866 0.059880239520958015
8 0.5920658682634731 0.9251497005988024 0.5793413173652695 0.05688622754491036
2 0.24401197604790417 0.8922155688622755 0.12874251497005987 0.05688622754491007
0 0.49925149700598803 0.502994011976048 0.9595808383233533 0.9640718562874252
