4 0.5726047904191617 0.4535928143712574 0.33383233532934137 0.07485029940119751
5 0.49401198957627357 0.5763473228289894 0.38622751785344067 0.06886224056956693
1 0.6721556886227544 0.6362275449101796 0.18562874251496994 0.05988023952095815
3 0.5202095808383234 0.6998502994011976 0.0793413173652695 0.06736526946107774
6 0.8742515030185968 0.6893712923645652 0.1497005988023953 0.07035928143712582
7 0.6032547761954857 0.8201141590323424 0.6122754491017952 0.06278880492470797
8 0.7941616766467067 0.8652695075838912 0.23502994011976056 0.05688622754491007
8 0.6201026399219702 0.9342557060508905 0.6272455089820355 0.059880239520958105
2 0.23877245508982037 0.9034431137724552 0.12425149700598805 0.05838323353293418
0 0.5014970195163932 0.5014970176145356 0.9700598531827817 0.9550897971062576
