4 0.5778443113772456 0.4483532934131736 0.3353293413173653 0.08532934131736525
5 0.48727544910179643 0.5748502994011976 0.39371257485029937 0.0688622754491017
1 0.6751497005988024 0.6459580838323353 0.18263473053892226 0.06437125748503
3 0.5097305299032427 0.6968563455577084 0.06736526946107795 0.06736526946107774
6 0.877994011976048 0.6923652694610777 0.1482035928143712 0.07934131736526936
7 0.5321856287425148 0.8136227544910178 0.4655688622754491 0.05538922155688639
8 0.8053892215568862 0.8720059996504637 0.251497005988024 0.05538924480990985
8 0.5381736526946108 0.9273952095808383 0.47754491017964085 0.06437125748502993
2 0.23053892215568866 0.8974550898203593 0.1287425149700599 0.05838323353293418
0 0.5022455195041009 0.501497040867559 0.9775448891355103 0.9730538224564981
