4 0.5778443113772455 0.4535928143712574 0.3323353293413173 0.0808383233532934
5 0.47904190113614303 0.577844334630269 0.37724550898203596 0.0688622754491017
1 0.6721556886227544 0.6422155688622755 0.1646706586826346 0.05988023952095815
3 0.5194610778443114 0.6938622754491018 0.0808383233532934 0.05239520958083844
6 0.8847305389221557 0.6916167664670658 0.14371257485029942 0.06586826347305404
7 0.4206586826347305 0.809880239520958 0.24550898203592816 0.05389221556886227
8 0.7994011976047903 0.8682634730538922 0.23053892215568866 0.07185628742514964
8 0.5531437125748502 0.9296407185628743 0.5074850299401197 0.05688622754491021
2 0.22979041916167664 0.8974550898203595 0.12425149700598802 0.049401197604790496
0 0.498502994011976 0.5022455089820359 0.9790419161676647 0.9745508982035928
