4 0.5711077844311377 0.44311377245508976 0.36377245508982037 0.09580838323353291
5 0.49202075784606125 0.5832083727925986 0.4056886227544908 0.06886231032863688
1 0.6706586826347305 0.6459580838323353 0.17664670658682632 0.06437125748503
3 0.5157185628742514 0.7028443113772453 0.09131736526946113 0.07035928143712582
6 0.8952095808383234 0.6923652694610777 0.15269461077844299 0.0823353293413173
7 0.5583832335329341 0.8308383233532933 0.5299401197604791 0.05688622754491021
8 0.7874251497005988 0.8877245508982036 0.2005988023952095 0.0658682634730539
8 0.6190119760479043 0.9573353642208525 0.6511976047904191 0.0643713504971235
2 0.218562874251497 0.9251497005988024 0.1347305389221557 0.059880239520958015
0 0.500748502994012 0.5014970059880239 0.9985029940119761 0.997005988023952
