4 0.5770958083832336 0.4401197604790419 0.3458083832335329 0.08083832335329333
5 0.47305389221556887 0.5666167664670659 0.3562874251497006 0.07335329341317362
1 0.6758982035928145 0.6212574850299402 0.18413173652694625 0.05688622754491014
3 0.5194610778443114 0.684880239520958 0.0898203592814371 0.07035928143712582
6 0.8884730689237371 0.6788923085809562 0.1392215568862275 0.0793413173652695
7 0.5164670658682635 0.8031437125748502 0.4371257485029941 0.06437125748502993
8 0.7776946107784432 0.8577844311377245 0.19311377245508993 0.05988023952095815
8 0.5187125748502993 0.9229042264963013 0.44161676646706577 0.06437132724410052
2 0.22904191616766467 0.8929640718562873 0.1317365269461078 0.0523952095808383
0 0.500748502994012 0.500748502994012 0.9985029940119761 0.9835329341317365
