4 0.5778443113772456 0.4476047904191617 0.3622754491017964 0.09580838323353291
5 0.48053892215568866 0.5868263589319009 0.40419161676646725 0.08383233532934127
1 0.6826347305389221 0.6586826928630977 0.1976047904191617 0.06287425149700616
3 0.5157185628742514 0.7065868263473053 0.09730538922155688 0.07185628742514964
6 0.907934149774353 0.7065868496003289 0.16916167664670653 0.09281437125748511
7 0.4977544910179641 0.8353293413173652 0.44461077844311375 0.06886227544910184
8 0.8038922155688623 0.9026946107784432 0.22455089820359292 0.0658682634730539
8 0.5202095808383234 0.9625748793656805 0.4715568862275448 0.06586832160561261
2 0.21706586826347304 0.9229041916167665 0.13173652694610774 0.05239520958083844
0 0.5014970059880239 0.500748502994012 0.997005988023952 0.9985029940119761
