4 0.5770958083832336 0.44910179640718567 0.3278443113772455 0.0898203592814371
5 0.4880239551021127 0.573353235280615 0.35628742514970063 0.07185628742514971
1 0.665419164682951 0.6399701180127982 0.16017964071856283 0.05838323353293426
3 0.5194610778443114 0.6908682634730539 0.0808383233532934 0.06736526946107801
6 0.8682634730538922 0.687874251497006 0.1497005988023953 0.07035928143712568
7 0.5576347305389221 0.8061377245508982 0.49550898203592825 0.06137724550898213
8 0.8046407335943957 0.8630239520958088 0.2559880540151391 0.06437125748502993
8 0.5598802395209581 0.9229041916167665 0.5000000000000001 0.06137724550898213
2 0.24625748502994013 0.8899700598802395 0.13323353293413173 0.058383233532934044
0 0.5067365299524119 0.5000000406927907 0.9476047844065526 0.9461077030455549
