4 0.5666167664670658 0.4902694610778444 0.2559880239520958 0.05838323353293411
5 0.5179640718562873 0.5808383233532933 0.31437125748503 0.0508982035928144
1 0.6354790419161677 0.624251497005988 0.13323353293413162 0.04191616766467071
3 0.5261976047904191 0.659431137724551 0.06437125748503 0.0523952095808383
6 0.7949101796407185 0.656437125748503 0.10778443113772454 0.05838323353293418
7 0.5217065868263473 0.7417665019454033 0.31886227544910173 0.03742507994152811
8 0.7035928143712574 0.7806885995014674 0.12275449101796393 0.040419115170599665
8 0.5276946107784432 0.8233532934131736 0.32185628742514977 0.041916167664670635
2 0.31137724550898205 0.8001497005988024 0.1017964071856288 0.04640718562874241
0 0.5044910179640718 0.5194610778443114 0.7485029940119761 0.6826347305389223
