4 0.5703592814371257 0.44910179640718567 0.3473053892215568 0.09281437125748504
5 0.4782934191862611 0.5755988256482328 0.3458083712083153 0.07335324690712655
1 0.6646706586826348 0.6377245508982037 0.16467065868263467 0.06886227544910191
3 0.5149700673960003 0.6976048136721851 0.07485031443271929 0.06586830997910109
6 0.8562874251497007 0.6968562874251498 0.1347305389221556 0.0763473053892217
7 0.534431137724551 0.8083832335329342 0.4550898203592814 0.06586826347305404
8 0.7754491017964072 0.8712574850299402 0.218562874251497 0.06886227544910184
8 0.5142215568862275 0.9214071856287425 0.4146706586826346 0.07035928143712582
2 0.18338323353293412 0.9438622754491018 0.17215568862275446 0.04041916167664681
0 0.5029940119760479 0.500748502994012 0.9401197604790419 0.968562874251497
