4 0.5785928143712574 0.4520958083832335 0.33982035928143717 0.07784431137724546
5 0.44461077844311375 0.5741017964071857 0.2934131736526947 0.0673652694610778
1 0.6571856287425148 0.6392215568862275 0.1706586826347304 0.06287425149700596
3 0.5164670808997852 0.6931138422141602 0.0898203592814371 0.07185628742514978
6 0.8712574820236358 0.6961078076841614 0.14071856287425163 0.07485029940119758
7 0.5097305539536774 0.8038922504483978 0.4026946107784432 0.06287425149700596
8 0.7155688592691445 0.8660179931381359 0.08682635331799782 0.06437131561758849
8 0.5112275449101797 0.9206586826347305 0.39670658682634735 0.07485029940119758
2 0.24026946107784433 0.8914670658682635 0.13023952095808386 0.06736526946107788
0 0.5037425224858209 0.4985030056384875 0.9685628592199759 0.9491017731541614
