4 0.5696107784431138 0.43862275449101795 0.32185628742514977 0.08083832335329348
5 0.48053892215568866 0.5666167664670658 0.3473053892215569 0.061377245508982055
1 0.6541916167664671 0.6354790419161677 0.1736526946107785 0.05838323353293418
3 0.5119760479041916 0.6826347305389221 0.07485029940119758 0.07185628742514978
6 0.8592814371257486 0.6848802395209581 0.14371257485029929 0.0793413173652695
7 0.5411676646706586 0.8008981977795585 0.45958083832335317 0.05988018138839948
8 0.7911676646706587 0.8607784431137725 0.25 0.059880239520958015
8 0.6025449101796407 0.9221556886227544 0.5523952095808383 0.0658682634730539
2 0.2432634730538922 0.8869760479041915 0.13023952095808383 0.061377245508981985
0 0.5082335329341316 0.5104790419161677 0.9296407185628742 0.937125748502994
