4 0.5696107784431138 0.4520958083832335 0.32485029940119753 0.0868263473053893
5 0.4483532934131736 0.5741017964071857 0.279940119760479 0.07335329341317362
1 0.6601796407185628 0.6392215568862276 0.17065868263473064 0.05389221556886227
3 0.5104790419161677 0.6968562874251496 0.08083832335329348 0.07335329341317362
6 0.8570359281437127 0.6953592814371257 0.1482035928143712 0.07634730538922156
7 0.5217065868263473 0.8053892215568862 0.4356287425149701 0.06586826347305376
8 0.7582335329341318 0.8630239520958084 0.19311377245508965 0.06736526946107774
8 0.5194610778443114 0.9214071856287425 0.4341317365269461 0.061377245508981985
2 0.2432634730538922 0.8899700598802396 0.13023952095808383 0.06437125748503007
0 0.49700598802395207 0.49476047904191617 0.9491017964071855 0.968562874251497
