4 0.5808383233532934 0.45209580838323354 0.34131736526946105 0.08083832335329348
5 0.4401197604790419 0.5741017964071857 0.2844311377245509 0.07335329341317362
1 0.6699101796407185 0.6392215568862275 0.16017964071856283 0.05688622754491007
3 0.5112275449101795 0.6901197604790419 0.0673652694610778 0.0658682634730539
6 0.8824850299401197 0.6916167664670658 0.1482035928143712 0.06886227544910184
7 0.4416167664670658 0.809880239520958 0.28443113772455086 0.05389221556886227
8 0.7979041916167665 0.8660179640718563 0.2335329341317366 0.07335329341317362
8 0.5673652694610779 0.9303892506231655 0.535928143712575 0.06437119935247143
2 0.2335329431506495 0.8982036276939064 0.1287425149700599 0.05089820359281433
0 0.5 0.5007485320602911 0.9910179640718563 0.9745508400710337
