4 0.5681137724550899 0.4476047904191617 0.3338323353293414 0.09281437125748504
5 0.491017961065552 0.5763472472566629 0.38622754491017974 0.07485029940119765
1 0.6624251497005988 0.6429640718562873 0.17814371257485034 0.05538922155688617
3 0.5082335329341318 0.6901197604790419 0.08233532934131738 0.0658682634730539
6 0.8615269461077844 0.6946107784431138 0.13323353293413176 0.07784431137724539
7 0.5097305389221557 0.8091317365269461 0.43263473053892215 0.058383233532934044
8 0.7776946107784432 0.8660179640718563 0.2020958083832335 0.05838323353293418
8 0.5172155688622755 0.9244011976047903 0.42964071856287417 0.06437125748502993
2 0.2342814371257485 0.8854790419161677 0.12724550898203588 0.05838323353293418
0 0.5 0.5044910179640718 0.9580838323353293 0.9580838323353292
