4 0.5464071856287425 0.4610778443113772 0.24850299401197604 0.05089820359281433
5 0.5321856287425148 0.5411676588574026 0.3577844311377244 0.04341318527920604
3 0.6100299401197603 0.5748503110277092 0.12724550898203602 0.03293415498955065
3 0.502994011976048 0.6130239520958084 0.0508982035928144 0.046407185628742485
6 0.7574850299401197 0.6002994011976047 0.10479041916167674 0.05389221556886227
7 0.537425145191142 0.687125719436715 0.3682634520097615 0.04491023777327716
8 0.7058383323722063 0.7155688855284725 0.17514970059880247 0.03293415498955047
8 0.5830838443605466 0.7582334573618053 0.44760479041916157 0.04640719725525444
2 0.312874251497006 0.7485029940119761 0.09580838323353287 0.02994011976047915
0 0.4917664610532593 0.49401197604790453 0.6991015679280568 0.6317361781507558
