4 0.5688622754491018 0.43862275449101795 0.35928143712574845 0.09580838323353291
5 0.48053892215568866 0.5815868263473054 0.40419161676646725 0.07335329341317369
1 0.6766467065868264 0.6497005988023952 0.18562874251497008 0.059880239520958084
3 0.5052395209580838 0.7058383233532934 0.09431137724550893 0.0793413173652695
6 0.8922155688622755 0.7058383233532934 0.15269461077844312 0.06736526946107774
7 0.5014970059880242 0.836826341492133 0.4550898203592816 0.0628742631235173
8 0.786676646706587 0.8989520958083833 0.20808383233532923 0.07335329341317362
8 0.5142215568862275 0.9588323353293413 0.46257485029940126 0.06736526946107774
2 0.13698513921863303 0.9790419161676647 0.2170840508923559 0.041916167664670635
0 0.5 0.5 1.0 1.0
