4 0.5703592814371257 0.4543413173652695 0.32634730538922146 0.08233532934131738
5 0.5733532934131736 0.5741017964071856 0.5479041916167665 0.07035928143712568
1 0.6601796286933456 0.6414670774947753 0.18263473053892226 0.05239520958083837
3 0.5112275449101797 0.6923652694610777 0.07934131736526943 0.06736526946107788
6 0.8630239520958082 0.6946107784431138 0.13323353293413176 0.07185628742514978
7 0.46482035928143717 0.8068862275449102 0.3248502994011976 0.059880239520958015
8 0.7095808353170492 0.8637725132223788 0.07784431137724539 0.06886227544910184
8 0.5441616886719238 0.919161653393683 0.46257485029940104 0.05688622754491007
2 0.2507485090066206 0.8944611127238465 0.13023952095808383 0.0553892215568861
0 0.5044910179640718 0.49550898203592814 0.9550898203592812 0.9670658682634731
