4 0.5606287425149701 0.4491017964071856 0.3278443113772456 0.08383233532934127
5 0.46482035928143717 0.5778443113772456 0.3398203592814371 0.06886227544910184
1 0.6549401197604791 0.6452095808383234 0.17514970059880233 0.059880239520958084
3 0.5067365269461078 0.6946107784431138 0.08532934131736525 0.07485029940119758
6 0.856287429659157 0.6953593395696838 0.1377245358666822 0.06736510668991313
7 0.5531437125748503 0.8113772455089822 0.5194610778443114 0.05988023952095815
8 0.780688622754491 0.8705089820359282 0.2320359281437125 0.058383233532934044
8 0.5913173652694611 0.9288922155688623 0.5808383233532934 0.06736526946107774
2 0.23428143261629197 0.8974551072601271 0.1212575000614617 0.058383245159445686
0 0.5059880239520959 0.49550898203592814 0.9491017964071857 0.9640718562874251
