4 0.5770957993643205 0.4505988023952095 0.37874251497005984 0.08982035928143717
5 0.4176646706586826 0.5845808383233533 0.28443113772455086 0.0793413173652695
1 0.6624251497005987 0.655688622754491 0.18413173652694603 0.0688622754491017
3 0.5097305389221557 0.7110778443113773 0.09131736526946099 0.07485029940119758
6 0.8907185628742514 0.7073353293413175 0.14970059880239517 0.0823353293413173
7 0.5119760479041916 0.8368263473053892 0.4730538922155688 0.07185628742514978
8 0.7949101796407182 0.9004490669168723 0.20658682634730535 0.06437118772595918
8 0.5134730538922154 0.9618263473053892 0.46107784431137716 0.06736526946107788
2 0.13773364221264503 0.9805389221556885 0.20660500897618825 0.03892215568862284
0 0.5 0.5 1.0 1.0
