4 0.5718562874251496 0.45883233532934126 0.3323353293413174 0.08233532934131738
5 0.42440119760479045 0.5800898203592815 0.23502994011976047 0.06437125748502993
1 0.6601796407185628 0.6422155688622755 0.18263473053892212 0.07185628742514978
3 0.5134730538922156 0.6938622754491018 0.0808383233532934 0.058383233532934044
6 0.8637724550898203 0.687874251497006 0.15568862275449105 0.0793413173652695
7 0.5479041825978536 0.8083832102799107 0.49401197604790426 0.05688622754491021
8 0.7979041916167665 0.8735029940119762 0.2604790419161678 0.06437125748502993
8 0.500748502994012 0.92889223300863 0.3817365269461078 0.07035924655759047
2 0.23802395209580837 0.8929640718562873 0.12275449101796404 0.0523952095808383
0 0.5089820569722744 0.49775452008424326 0.9580837902470695 0.9625747921668422
