4 0.5711077844311377 0.45808383233532934 0.3218562874251496 0.08383233532934127
5 0.471556886227545 0.5845808383233533 0.34730538922155696 0.06437125748502993
1 0.6631736526946108 0.6497005988023952 0.188622754491018 0.059880239520958084
3 0.5187125748502994 0.7020958083832335 0.08233532934131738 0.06586826347305404
6 0.8637724550898205 0.6938622754491018 0.14371257485029942 0.07934131736526936
7 0.6220513222662954 0.8214131395973471 0.6227544910179635 0.059880227894446
8 0.7987361625508789 0.8754768706365925 0.25748502994011957 0.05231919257405052
8 0.6108950583433398 0.935866994699287 0.5883233532934129 0.05539043724137918
2 0.24700598802395213 0.9011976047904193 0.13173652694610777 0.05389221556886227
0 0.5 0.49625748502994005 0.9610778443113773 0.9535928143712574
