4 0.5703592814371258 0.4550898203592814 0.26946107784431134 0.06287425149700596
5 0.4887724550898204 0.5351796407185628 0.28293413173652704 0.05538922155688617
1 0.6541916167664671 0.5808383233532934 0.16167664670658696 0.05389221556886227
3 0.5157185628742514 0.6242514970059879 0.05538922155688624 0.0508982035928144
6 0.8181137724550898 0.627994011976048 0.11526946107784425 0.04940119760479043
7 0.5157185628742514 0.7005988023952097 0.34281437125748504 0.047904191616766525
8 0.7485029940119761 0.7567365269461078 0.20059880239520964 0.0523952095808383
8 0.5097305389221556 0.7904191616766467 0.3398203592814371 0.05089820359281447
2 0.2866766467065869 0.7604790419161677 0.10928143712574855 0.05389221556886241
0 0.5089820374312957 0.5029940526688388 0.8023952065745337 0.6826346491533397
