4 0.5770958083832336 0.437125748502994 0.3248502994011976 0.08383233532934135
5 0.47380240122218953 0.5591317132739225 0.3308383233532934 0.07335329341317362
1 0.6691616766467067 0.6235029940119761 0.17664670658682638 0.05838323353293411
3 0.5172155688622755 0.6811377245508982 0.07335329341317369 0.05688622754491021
6 0.8690119760479041 0.6841317365269461 0.13023952095808383 0.06886227544910184
7 0.5127245508982037 0.7986526946107785 0.4026946107784432 0.058383233532934044
8 0.8038922155688623 0.8607784431137725 0.2514970059880238 0.07485029940119758
8 0.5157185628742514 0.9131736526946108 0.4116766467065868 0.08682634730538923
2 0.23877245508982037 0.8817365269461078 0.12724550898203596 0.05089820359281433
0 0.494011982060513 0.48428143712574856 0.9610778322861603 0.9685628742514971
