4 0.563622754491018 0.47754491017964074 0.3458083832335329 0.09281437125748497
5 0.4730538922155688 0.6010479041916167 0.3473053892215569 0.06736526946107788
1 0.6586826347305389 0.6676646706586825 0.17664670658682632 0.05389221556886227
3 0.5097305389221557 0.7140718562874251 0.09131736526946099 0.059880239520958015
6 0.8607784431137725 0.715568862275449 0.15269461077844312 0.07185628742514978
7 0.531437125748503 0.8285928143712574 0.470059880239521 0.05538922155688624
8 0.703592814371257 0.8817365036930843 0.07485029940119754 0.059880193014910835
8 0.534431137724551 0.9416167664670658 0.45808383233532934 0.05389221556886227
2 0.2350299401197605 0.909431137724551 0.1287425149700598 0.04940119760479036
0 0.4977544910179641 0.5097305389221557 0.9835329341317366 0.9535928143712574
