4 0.5741017964071857 0.4491017964071856 0.3637724550898204 0.09580838323353291
5 0.5224550898203593 0.5860778443113773 0.4550898203592814 0.07335329341317369
1 0.6758982035928145 0.655688622754491 0.1811377245508983 0.05389221556886241
3 0.5134730538922156 0.7125748502994013 0.09880239520958078 0.08083832335329333
6 0.8914670658682635 0.7103293413173654 0.15119760479041916 0.07634730538922142
7 0.5254491048027116 0.8323353177148056 0.46407185628742526 0.06287425149700596
8 0.7312874251497006 0.8944610778443114 0.10329341317365276 0.05838323353293418
8 0.5269461077844312 0.9543413173652695 0.47305389221556887 0.07634730538922142
2 0.219311377245509 0.9169161676646707 0.13323353293413173 0.06137724550898213
0 0.5014970059880239 0.502994011976048 0.997005988023952 0.9940119760479043
