4 0.5351796407185628 0.4633233532934132 0.24401197604790412 0.04940119760479043
5 0.4767963951604115 0.5426646474056591 0.27994011976047906 0.040419161676646664
1 0.6032934131736527 0.5793413173652695 0.12275449101796411 0.041916167664670635
3 0.4910179640718563 0.6167664670658682 0.05089820359281447 0.03892215568862276
6 0.7514970059880238 0.6137724550898203 0.1017964071856288 0.0508982035928144
7 0.5157185628742514 0.6953592814371258 0.34281437125748504 0.03742514970059887
8 0.6826347305389221 0.7297904191616766 0.14670658682634743 0.046407185628742555
8 0.5187125748502994 0.7664670658682635 0.33982035928143717 0.041916167664670635
2 0.2934131736526946 0.7462574966564519 0.08982035928143717 0.03143714900152641
0 0.49251497456933646 0.49401200511418336 0.7125747931796187 0.6257484448614532
