4 0.5741017964071856 0.4520958083832335 0.31886227544910173 0.06886227544910177
5 0.4633233532934131 0.5606287425149701 0.2919161676646706 0.07035928143712575
1 0.656437125748503 0.6175149700598803 0.18113772455089822 0.05538922155688624
3 0.5149700598802395 0.6736526946107785 0.07485029940119758 0.07185628742514978
6 0.8585329341317366 0.6744011976047903 0.1392215568862275 0.07634730538922149
7 0.5673652694610779 0.7821856287425148 0.5119760479041916 0.06437125748502993
8 0.7769461077844312 0.843562874251497 0.21556886227544922 0.05538922155688624
8 0.5209580838323353 0.8952095808383234 0.41317365269461076 0.0658682634730539
2 0.24251497005988024 0.8615269461077844 0.12275449101796404 0.04640718562874269
0 0.49700597900503907 0.5052396255966897 0.9431137544172636 0.8937123655730886
