4 0.5658682634730539 0.468562874251497 0.35029940119760483 0.08383233532934127
5 0.44386227544910184 0.593562874251497 0.3278443113772455 0.0673652694610778
1 0.654191616766467 0.656437137375015 0.1826347305389222 0.058383256785957516
3 0.500748502994012 0.7058383233532933 0.08832335329341312 0.07035928143712582
6 0.872005988023952 0.6953592814371257 0.1482035928143712 0.08532934131736525
7 0.5263238434009166 0.8390465121708623 0.4760479041916165 0.05688855538253229
8 0.7815714380093567 0.8897535904255284 0.23053892215568866 0.059803667732136905
8 0.500748502994012 0.9431137724550898 0.438622754491018 0.05688622754491007
2 0.2170658622508644 0.9214071972552543 0.1317365269461078 0.061377245508981985
0 0.5000090913144412 0.5074849776208166 0.9940301586767866 0.9850300447583655
