4 0.5666167664670659 0.44610778443113774 0.3248502994011976 0.0808383233532934
5 0.4401197604790419 0.5718562874251497 0.2814371257485031 0.0658682634730539
1 0.6586826347305389 0.6339820359281437 0.1826347305389222 0.061377245508982055
3 0.5104790419161677 0.6886227544910178 0.07784431137724546 0.06586826347305376
6 0.8645209580838323 0.6908682634730539 0.151197604790419 0.0793413173652695
7 0.5658682634730539 0.8016467065868264 0.5359281437125748 0.05538922155688624
8 0.7597305389221557 0.8585329341317365 0.18712574850299404 0.06437125748502993
8 0.5134730538922156 0.9146706586826348 0.42814371257485034 0.059880239520958015
2 0.1691616766467066 0.9341317365269461 0.19760479041916168 0.047904191616766525
0 0.5014970195163932 0.5007485204337795 0.9610778172546379 0.953592779491722
