4 0.5523952095808383 0.4483532934131736 0.3443113772455091 0.07634730538922149
5 0.41242514970059885 0.5830838323353293 0.2709580838323354 0.07335329341317362
1 0.6564371197358944 0.6392215685127393 0.17514970059880233 0.07185628742514964
3 0.4992514970059881 0.7020958083832335 0.08233532934131738 0.07185628742514964
6 0.877994011976048 0.6908682634730539 0.1571856287425149 0.07335329341317362
7 0.5022455089820359 0.8196107784431138 0.45059880239520955 0.06736526946107801
8 0.8098802395209581 0.8832335329341318 0.2754491017964071 0.06287425149700596
8 0.5134730538922156 0.9505988023952096 0.4550898203592814 0.06287425149700596
2 0.2118263473053892 0.9124251497005988 0.12425149700598807 0.058383233532934044
0 0.5029940119760478 0.49999999999999967 0.9940119760479038 0.9999999999999993
