4 0.5479041916167665 0.4565868263473054 0.2694610778443115 0.05688622754491021
5 0.44610778443113774 0.5464071856287426 0.21856287425149695 0.047904191616766456
1 0.6287425149700598 0.5875748502994012 0.13772455089820362 0.049401197604790496
3 0.500748502994012 0.625748502994012 0.0673652694610778 0.05089820359281433
6 0.7949101796407185 0.6279940119760479 0.11077844311377248 0.06437125748502993
7 0.5486526946107787 0.7125748212331219 0.4266467065868264 0.05089814546025591
8 0.6818862275449102 0.7537425149700598 0.11227544910179638 0.04341317365269461
8 0.5209580838323353 0.7986526946107785 0.38023952095808367 0.05538922155688624
2 0.27844311377245506 0.7724550898203593 0.10179640718562873 0.041916167664670635
0 0.5037425149700598 0.500748502994012 0.7949101796407185 0.6901197604790419
