4 0.562125748502994 0.45059880239520955 0.31886227544910173 0.08383233532934142
5 0.4932634730538922 0.5830838323353293 0.3817365269461078 0.07035928143712568
1 0.6564371107169813 0.648203604440883 0.16616766467065858 0.05988023952095815
3 0.5172155688622755 0.7020958083832335 0.07934131736526943 0.07485029940119758
6 0.8577844311377245 0.7020958083832335 0.13772455089820354 0.07185628742514964
7 0.5029940119760479 0.8158682518465422 0.39520958083832325 0.05988023952095801
8 0.7664670658682635 0.8712574850299402 0.18862275449101787 0.07185628742514964
8 0.5082335329341316 0.9273952095808383 0.38772455089820357 0.07335329341317376
2 0.2500000120252172 0.9041917214050728 0.13173652694610777 0.053892215568862124
0 0.5074850389590327 0.5059880646448863 0.9520957903454075 0.9610777629257938
