4 0.562125748502994 0.4498502994011976 0.342814371257485 0.08532934131736532
5 0.5232035928143713 0.5711077844311377 0.4865269461077845 0.0793413173652695
1 0.653443113772455 0.6264970059880239 0.19011976047904183 0.061377245508981985
3 0.4940119760479042 0.6803892215568862 0.07485029940119758 0.07335329341317362
6 0.8637724550898203 0.6811377245508982 0.13473053892215575 0.08083832335329333
7 0.5359281437125748 0.8016467065868262 0.49999999999999983 0.0523952095808383
8 0.7859281316873574 0.8488023370770221 0.25748502994011974 0.07185628742514964
8 0.5501497005988024 0.9169161676646707 0.5104790419161677 0.07035928143712568
2 0.21931137724550898 0.8922155688622755 0.13622754491017963 0.05089820359281433
0 0.49476047904191617 0.4985029940119761 0.968562874251497 0.9610778443113773
