4 0.5800898203592815 0.4543413173652695 0.33383233532934126 0.08233532934131738
5 0.43038922155688625 0.5741017964071857 0.2679640718562874 0.0673652694610778
1 0.6706586826347305 0.6392215568862275 0.155688622754491 0.06287425149700596
3 0.5202095808383234 0.6923652694610779 0.08532934131736525 0.06437125748503007
6 0.8787425149700598 0.6908682634730539 0.14670658682634724 0.07335329341317362
7 0.43038922155688625 0.809880239520958 0.2739520958083832 0.05389221556886227
8 0.8076347305389221 0.8645209580838323 0.2559880239520959 0.07035928143712568
8 0.6085329341317363 0.9296407418158975 0.6152694610778439 0.0658682169670067
2 0.22979041916167667 0.8989520958083833 0.12125748502994015 0.04940119760479036
0 0.4977544955274208 0.49925150863249984 0.986526937088872 0.9745508749505695
