4 0.5516467065868264 0.4468562874251497 0.339820359281437 0.09431137724550893
5 0.4116766467065868 0.5808383233532934 0.2634730538922156 0.07485029940119758
1 0.654191595722337 0.6482035928143713 0.18263473053892226 0.07485029940119758
3 0.500748502994012 0.7013473053892215 0.08832335329341312 0.07335329341317362
6 0.875 0.7095808383233533 0.15419161676646695 0.08682634730538923
7 0.5172155688622755 0.8203592814371257 0.4835329341317365 0.07485029940119758
8 0.7642215568862275 0.8854790419161677 0.2110778443113773 0.07035928143712568
8 0.5194610778443114 0.9483532934131736 0.4820359281437126 0.08233532934131745
2 0.21032934131736525 0.9026946107784432 0.13323353293413173 0.0658682634730539
0 0.500748502994012 0.5044910179640718 0.9985029940119761 0.9910179640718563
