4 0.561377245508982 0.4543413173652695 0.24850299401197604 0.061377245508982055
5 0.48952095808383234 0.534431137724551 0.25449101796407175 0.05089820359281433
1 0.6354790419161677 0.5785928143712574 0.1362275449101798 0.040419161676646595
3 0.522455104851881 0.6145210045898792 0.06886227544910184 0.05538922155688617
6 0.7911676646706587 0.6152694610778443 0.1152694610778444 0.05988023952095815
7 0.5239520958083831 0.6938623045153811 0.3413173652694608 0.04341311552013604
8 0.7395209580838323 0.7350299401197604 0.19760479041916157 0.047904191616766525
8 0.5276946107784432 0.7754491017964071 0.33982035928143717 0.041916167664670635
2 0.30688622153230155 0.75 0.10179641921084609 0.03892215568862286
0 0.5157185628742516 0.49176646706586824 0.7380239520958085 0.6601796407185628
