4 0.5508982035928143 0.4498502994011976 0.3502994011976048 0.08532934131736532
5 0.4303892305757992 0.5830839020943998 0.312874251497006 0.07035928143712568
1 0.659431137724551 0.6459580838323353 0.19011976047904183 0.06437125748503
3 0.49700598802395207 0.7043413173652695 0.0868263473053893 0.06736526946107788
6 0.8712574850299402 0.6953592814371258 0.1497005988023953 0.0793413173652695
7 0.3600299416229125 0.8330838672148647 0.16616766767696314 0.05838318702688701
8 0.7881736526946108 0.8847305389221557 0.2529940119760478 0.07784431137724553
8 0.5209580898449441 0.9505987907686978 0.46706586826347307 0.05988023952095787
2 0.20883233532934134 0.9214071856287426 0.13023952095808386 0.0523952095808383
0 0.5014970059880239 0.502994011976048 0.997005988023952 0.9940119760479043
