4 0.5823353293413174 0.4565868263473054 0.33532934131736525 0.08383233532934127
5 0.43562874251497 0.5755988430880007 0.2724550898203593 0.0703592000515437
1 0.6669161556394534 0.6384730538922156 0.16916167664670673 0.07335329341317362
3 0.5104790419161677 0.6893712574850299 0.0658682634730539 0.07634730538922156
6 0.8817365119145859 0.6946106679912524 0.14970056873935214 0.06886205454537882
7 0.4610778443113773 0.809880239520958 0.3293413173652695 0.05389221556886227
8 0.7949101796407185 0.8697604790419162 0.218562874251497 0.07185628742514978
8 0.5733532934131736 0.934880239520958 0.5598802395209581 0.061377245508981985
2 0.22829341467680483 0.8974550898203592 0.1272455240135576 0.04640718562874209
0 0.501497005988024 0.5014970059880239 0.9880239520958085 0.9730538922155688
