4 0.5576347305389222 0.500748502994012 0.2290419161676648 0.05538922155688624
5 0.5022455089820359 0.5718562874251497 0.2529940119760479 0.041916167664670635
1 0.625748502994012 0.6115269461077845 0.12275449101796411 0.04341317365269461
3 0.5194610778443114 0.6407185628742514 0.059880239520958084 0.044910179640718584
6 0.7612275328849623 0.6482035928143713 0.10029940119760468 0.05089820359281433
7 0.5247005988023952 0.7095808383233533 0.3008982035928144 0.041916167664670635
8 0.6833832335329342 0.749251497005988 0.11526946107784433 0.040419161676646664
8 0.5466537503376732 0.7758361719646375 0.34431137724550864 0.038922988869780246
2 0.33083833537851076 0.7544910295905837 0.08982035928143713 0.03592814371257475
0 0.5104790208720377 0.5426646706586824 0.6646707007708957 0.5763473053892214
