4 0.5666167664670658 0.42889221556886226 0.36377245508982037 0.09131736526946106
5 0.48802395209580834 0.5613772455089819 0.41916167664670667 0.07485029940119758
1 0.6639221301350362 0.6294910179640716 0.19610773332396397 0.06137724550898203
3 0.5044910179640718 0.6803892215568862 0.08982035928143717 0.07035928143712568
6 0.8809880149331828 0.6826347421654338 0.14221556886227546 0.07485029940119758
7 0.5127245508982036 0.8023952095808383 0.4565868263473054 0.06287425149700596
8 0.7477544910179641 0.8697604790419162 0.14520958083832342 0.0658682634730539
8 0.574850302407502 0.9303892331833982 0.5808383233532934 0.07035928143712582
2 0.21631736526946108 0.8854790419161677 0.13323353293413173 0.06437125748502978
0 0.49999999999999994 0.49251497005988015 0.9940119760479041 0.9790419161676646
